63626385627267,101,33.6869,2.23947,0.74008,1.10471,1.12922,2.33625,0.34272,0.82654,4.26300
63626385627301,101,33.6869,2.23947,0.74008,1.10471,1.12922,2.33625,0.34272,0.82654,4.26300
63626385627317,101,37.1589,2.09339,1.03106,1.85772,1.62250,2.89147,0.00687,0.01402,3.69497
63626385627350,101,37.1589,2.09339,1.03106,1.85772,1.62250,2.89147,0.00687,0.01402,3.69497
63626385627367,101,37.1589,2.09339,1.03106,1.85772,1.62250,2.89147,0.00687,0.01402,3.69497
63626385627400,101,37.1589,2.09339,1.03106,1.85772,1.62250,2.89147,0.00687,0.01402,3.69497
63626385627433,101,40.4515,0.80979,1.70315,3.40874,3.23536,3.39578,0.22836,0.39625,3.25881
63626385627449,101,40.4515,0.80979,1.70315,3.40874,3.23536,3.39578,0.22836,0.39625,3.25881
63626385627483,101,40.4515,0.80979,1.70315,3.40874,3.23536,3.39578,0.22836,0.39625,3.25881
63626385627499,0,8.960631,0.32320,0.82349,1.83866,2.12200,1.95051,0.54785,1.20008,3.20667
63626385627533,0,8.960631,0.32320,0.82349,1.83866,2.12200,1.95051,0.54785,1.20008,3.20667
63626385627566,0,8.960631,0.32320,0.82349,1.83866,2.12200,1.95051,0.54785,1.20008,3.20667
63626385627582,0,8.960631,0.32320,0.82349,1.83866,2.12200,1.95051,0.54785,1.20008,3.20667
63626385627616,0,8.960631,0.32267,0.24159,0.32194,0.52411,0.38078,0.33569,0.82831,3.19055
63626385627632,0,8.960631,0.32267,0.24159,0.32194,0.52411,0.38078,0.33569,0.82831,3.19055
63626385627665,0,8.960631,0.32267,0.24159,0.32194,0.52411,0.38078,0.33569,0.82831,3.19055
63626385627682,0,8.960631,0.32267,0.24159,0.32194,0.52411,0.38078,0.33569,0.82831,3.19055
63626385627715,102,8.960631,0.34127,0.20438,0.27390,0.20343,0.19594,0.05507,0.06613,3.36851
63626385627731,102,8.960631,0.34127,0.20438,0.27390,0.20343,0.19594,0.05507,0.06613,3.36851
63626385627770,102,8.960631,0.34127,0.20438,0.27390,0.20343,0.19594,0.05507,0.06613,3.36851
63626385627786,102,8.960631,0.34127,0.20438,0.27390,0.20343,0.19594,0.05507,0.06613,3.36851
63626385627819,0,8.960631,0.39737,0.23542,0.24874,0.19571,0.18394,0.05703,0.08240,2.68846
63626385627854,0,8.960631,0.39737,0.23542,0.24874,0.19571,0.18394,0.05703,0.08240,2.68846
63626385627870,0,8.960631,0.39737,0.23542,0.24874,0.19571,0.18394,0.05703,0.08240,2.68846
63626385627903,0,8.960631,0.47551,0.33215,0.38450,0.16985,0.24048,0.05713,0.08291,1.63981
63626385627919,0,8.960631,0.47551,0.33215,0.38450,0.16985,0.24048,0.05713,0.08291,1.63981
63626385627952,0,8.960631,0.47551,0.33215,0.38450,0.16985,0.24048,0.05713,0.08291,1.63981
63626385627985,0,8.960631,0.47551,0.33215,0.38450,0.16985,0.24048,0.05713,0.08291,1.63981
63626385628002,0,8.960631,0.92911,0.93724,1.03756,0.67786,0.78664,0.22557,0.17552,2.25808
63626385628035,0,8.960631,0.92911,0.93724,1.03756,0.67786,0.78664,0.22557,0.17552,2.25808
63626385628068,0,8.960631,0.92911,0.93724,1.03756,0.67786,0.78664,0.22557,0.17552,2.25808
63626385628085,0,8.960631,0.92911,0.93724,1.03756,0.67786,0.78664,0.22557,0.17552,2.25808
63626385628118,101,31.5368,1.69485,1.87635,2.02779,1.45883,1.70292,0.53602,0.46402,3.28306
63626385628134,101,31.5368,1.69485,1.87635,2.02779,1.45883,1.70292,0.53602,0.46402,3.28306
63626385628167,101,31.5368,1.69485,1.87635,2.02779,1.45883,1.70292,0.53602,0.46402,3.28306
63626385628184,101,31.5368,1.69485,1.87635,2.02779,1.45883,1.70292,0.53602,0.46402,3.28306
63626385628218,101,39.9965,2.11050,2.14553,2.86549,1.88915,2.11611,0.73904,0.57029,2.89669
63626385628251,101,39.9965,2.11050,2.14553,2.86549,1.88915,2.11611,0.73904,0.57029,2.89669
63626385628284,101,39.9965,2.11050,2.14553,2.86549,1.88915,2.11611,0.73904,0.57029,2.89669
63626385628300,101,39.9965,2.11050,2.14553,2.86549,1.88915,2.11611,0.73904,0.57029,2.89669
63626385628317,101,37.4547,2.02964,1.94493,2.96903,1.71583,1.98870,0.73083,0.48178,2.23453
63626385628350,101,37.4547,2.02964,1.94493,2.96903,1.71583,1.98870,0.73083,0.48178,2.23453
63626385628383,101,37.4547,2.02964,1.94493,2.96903,1.71583,1.98870,0.73083,0.48178,2.23453
63626385628400,101,37.8824,2.03719,2.03855,2.73117,1.75105,2.11446,0.71242,0.55270,2.07389
63626385628433,101,37.8824,2.03719,2.03855,2.73117,1.75105,2.11446,0.71242,0.55270,2.07389
63626385628449,101,37.8824,2.03719,2.03855,2.73117,1.75105,2.11446,0.71242,0.55270,2.07389
63626385628482,101,37.8824,2.03719,2.03855,2.73117,1.75105,2.11446,0.71242,0.55270,2.07389
63626385628499,101,40.7988,1.88599,2.23573,2.78880,2.19389,2.19977,0.85567,0.65674,2.02120
63626385628532,101,40.7988,1.88599,2.23573,2.78880,2.19389,2.19977,0.85567,0.65674,2.02120
63626385628565,101,40.7988,1.88599,2.23573,2.78880,2.19389,2.19977,0.85567,0.65674,2.02120
63626385628582,101,40.7988,1.88599,2.23573,2.78880,2.19389,2.19977,0.85567,0.65674,2.02120
63626385628614,101,40.8258,1.88406,2.07267,2.63984,2.19852,2.08619,0.94290,0.62677,2.11258
63626385628632,101,40.8258,1.88406,2.07267,2.63984,2.19852,2.08619,0.94290,0.62677,2.11258
63626385628665,101,40.8258,1.88406,2.07267,2.63984,2.19852,2.08619,0.94290,0.62677,2.11258
63626385628698,101,40.8258,1.88406,2.07267,2.63984,2.19852,2.08619,0.94290,0.62677,2.11258
63626385628715,101,36.7907,1.78631,1.73207,2.65986,1.89276,1.84986,0.90450,0.56202,2.16648
63626385628748,101,36.7907,1.78631,1.73207,2.65986,1.89276,1.84986,0.90450,0.56202,2.16648
63626385628764,101,36.7907,1.78631,1.73207,2.65986,1.89276,1.84986,0.90450,0.56202,2.16648
63626385628798,101,36.7907,1.78631,1.73207,2.65986,1.89276,1.84986,0.90450,0.56202,2.16648
63626385628830,4,1.851576,1.68613,1.69092,2.65997,1.58512,1.59146,0.85192,0.70161,2.09399
63626385628846,4,1.851576,1.68613,1.69092,2.65997,1.58512,1.59146,0.85192,0.70161,2.09399
63626385628880,4,1.851576,1.68613,1.69092,2.65997,1.58512,1.59146,0.85192,0.70161,2.09399
63626385628896,4,0.383874,1.83846,1.77972,2.46218,1.53860,1.69371,0.75849,0.75060,2.19856
63626385628929,4,0.383874,1.83846,1.77972,2.46218,1.53860,1.69371,0.75849,0.75060,2.19856
63626385628962,4,0.383874,1.83846,1.77972,2.46218,1.53860,1.69371,0.75849,0.75060,2.19856
63626385628980,4,0.383874,1.83846,1.77972,2.46218,1.53860,1.69371,0.75849,0.75060,2.19856
63626385629013,5,1.398828,1.80032,1.88039,2.51379,1.58943,1.67834,0.65928,0.63721,2.11357
63626385629029,5,1.398828,1.80032,1.88039,2.51379,1.58943,1.67834,0.65928,0.63721,2.11357
63626385629062,5,1.398828,1.80032,1.88039,2.51379,1.58943,1.67834,0.65928,0.63721,2.11357
63626385629095,5,1.398828,1.80032,1.88039,2.51379,1.58943,1.67834,0.65928,0.63721,2.11357
63626385629112,5,1.374322,1.82905,2.08073,2.54954,1.59700,1.63447,0.67053,0.66924,2.06307
63626385629145,5,1.374322,1.82905,2.08073,2.54954,1.59700,1.63447,0.67053,0.66924,2.06307
63626385629161,5,1.374322,1.82905,2.08073,2.54954,1.59700,1.63447,0.67053,0.66924,2.06307
63626385629194,5,1.374322,1.82905,2.08073,2.54954,1.59700,1.63447,0.67053,0.66924,2.06307
63626385629211,5,2.569268,1.87016,1.96294,2.69064,1.56818,1.67146,0.73418,0.72272,2.14339
63626385629244,5,2.569268,1.87016,1.96294,2.69064,1.56818,1.67146,0.73418,0.72272,2.14339
63626385629261,5,2.569268,1.87016,1.96294,2.69064,1.56818,1.67146,0.73418,0.72272,2.14339
63626385629310,5,2.569268,1.87016,1.96294,2.69064,1.56818,1.67146,0.73418,0.72272,2.14339
63626385629328,5,5.66321,1.74639,1.64164,2.47681,1.42971,1.36906,0.78333,0.84306,2.08802
63626385629344,5,5.66321,1.74639,1.64164,2.47681,1.42971,1.36906,0.78333,0.84306,2.08802
63626385629377,5,5.66321,1.74639,1.64164,2.47681,1.42971,1.36906,0.78333,0.84306,2.08802
63626385629410,5,7.667165,1.75782,1.56825,2.20509,1.45272,1.26950,0.81184,0.93095,2.44080
63626385629427,5,7.667165,1.75782,1.56825,2.20509,1.45272,1.26950,0.81184,0.93095,2.44080
63626385629460,5,7.667165,1.75782,1.56825,2.20509,1.45272,1.26950,0.81184,0.93095,2.44080
63626385629477,5,7.667165,1.75782,1.56825,2.20509,1.45272,1.26950,0.81184,0.93095,2.44080
63626385629509,5,7.20423,1.65159,1.61876,2.17500,1.60605,1.67902,0.82009,0.76403,2.52649
63626385629526,5,7.20423,1.65159,1.61876,2.17500,1.60605,1.67902,0.82009,0.76403,2.52649
63626385629559,5,7.20423,1.65159,1.61876,2.17500,1.60605,1.67902,0.82009,0.76403,2.52649
63626385629575,5,7.20423,1.65159,1.61876,2.17500,1.60605,1.67902,0.82009,0.76403,2.52649
63626385629608,4,0.6356456,1.34983,1.62911,2.11133,1.50712,1.77320,0.81847,0.76206,2.16078
63626385629641,4,0.6356456,1.34983,1.62911,2.11133,1.50712,1.77320,0.81847,0.76206,2.16078
63626385629659,4,0.6356456,1.34983,1.62911,2.11133,1.50712,1.77320,0.81847,0.76206,2.16078
63626385629691,4,0.6356456,1.34983,1.62911,2.11133,1.50712,1.77320,0.81847,0.76206,2.16078
63626385629709,4,4.516678,1.42271,1.41939,2.25487,1.24816,1.37111,0.84658,0.69139,1.99150
63626385629742,4,4.516678,1.42271,1.41939,2.25487,1.24816,1.37111,0.84658,0.69139,1.99150
63626385629758,4,4.516678,1.42271,1.41939,2.25487,1.24816,1.37111,0.84658,0.69139,1.99150
63626385629792,4,4.516678,1.42271,1.41939,2.25487,1.24816,1.37111,0.84658,0.69139,1.99150
63626385629824,5,0.7927122,1.52914,1.61995,2.41410,1.20792,1.28050,0.77172,0.56759,1.84240
63626385629841,5,0.7927122,1.52914,1.61995,2.41410,1.20792,1.28050,0.77172,0.56759,1.84240
63626385629874,5,0.7927122,1.52914,1.61995,2.41410,1.20792,1.28050,0.77172,0.56759,1.84240
63626385629890,5,0.7927122,1.52914,1.61995,2.41410,1.20792,1.28050,0.77172,0.56759,1.84240
63626385629924,5,4.70925,1.65464,1.96678,2.36123,1.52070,1.47078,0.64208,0.67678,2.09656
63626385629940,5,4.70925,1.65464,1.96678,2.36123,1.52070,1.47078,0.64208,0.67678,2.09656
63626385629973,5,4.70925,1.65464,1.96678,2.36123,1.52070,1.47078,0.64208,0.67678,2.09656
63626385630007,5,0.2860927,1.77218,1.80187,2.49315,1.79561,1.60874,0.74049,0.71954,2.22501
63626385630023,5,0.2860927,1.77218,1.80187,2.49315,1.79561,1.60874,0.74049,0.71954,2.22501
63626385630057,5,0.2860927,1.77218,1.80187,2.49315,1.79561,1.60874,0.74049,0.71954,2.22501
63626385630073,5,0.2860927,1.77218,1.80187,2.49315,1.79561,1.60874,0.74049,0.71954,2.22501
63626385630106,4,1.187384,1.56154,1.66587,2.61880,1.66723,1.59012,0.69389,0.77991,2.14806
63626385630123,4,1.187384,1.56154,1.66587,2.61880,1.66723,1.59012,0.69389,0.77991,2.14806
63626385630156,4,1.187384,1.56154,1.66587,2.61880,1.66723,1.59012,0.69389,0.77991,2.14806
63626385630189,4,1.187384,1.56154,1.66587,2.61880,1.66723,1.59012,0.69389,0.77991,2.14806
63626385630205,4,3.691031,1.38744,1.54173,2.51698,1.57874,1.66934,0.69330,0.86842,2.16632
63626385630239,4,3.691031,1.38744,1.54173,2.51698,1.57874,1.66934,0.69330,0.86842,2.16632
63626385630255,4,3.691031,1.38744,1.54173,2.51698,1.57874,1.66934,0.69330,0.86842,2.16632
63626385630288,4,3.691031,1.38744,1.54173,2.51698,1.57874,1.66934,0.69330,0.86842,2.16632
63626385630321,4,7.591217,1.59097,1.47362,2.50953,1.72004,1.69858,0.96695,1.03296,2.51018
63626385630337,4,7.591217,1.59097,1.47362,2.50953,1.72004,1.69858,0.96695,1.03296,2.51018
63626385630371,4,7.591217,1.59097,1.47362,2.50953,1.72004,1.69858,0.96695,1.03296,2.51018
63626385630387,4,7.591217,1.59097,1.47362,2.50953,1.72004,1.69858,0.96695,1.03296,2.51018
63626385630420,4,8.1304,1.73767,1.91041,2.57674,1.82767,1.72349,0.94396,1.21326,2.62801
63626385630437,4,8.1304,1.73767,1.91041,2.57674,1.82767,1.72349,0.94396,1.21326,2.62801
63626385630471,4,8.1304,1.73767,1.91041,2.57674,1.82767,1.72349,0.94396,1.21326,2.62801
63626385630504,4,8.1304,1.73767,1.91041,2.57674,1.82767,1.72349,0.94396,1.21326,2.62801
63626385630521,4,8.599902,1.69569,2.18550,2.52292,1.77653,1.78593,0.91213,1.58481,2.27547
63626385630554,4,8.599902,1.69569,2.18550,2.52292,1.77653,1.78593,0.91213,1.58481,2.27547
63626385630570,4,8.599902,1.69569,2.18550,2.52292,1.77653,1.78593,0.91213,1.58481,2.27547
63626385630603,4,8.599902,1.69569,2.18550,2.52292,1.77653,1.78593,0.91213,1.58481,2.27547
63626385630620,4,8.233375,1.77991,2.01693,2.54132,1.66289,1.74726,1.06928,1.48653,2.43813
63626385630653,4,8.233375,1.77991,2.01693,2.54132,1.66289,1.74726,1.06928,1.48653,2.43813
63626385630669,4,8.233375,1.77991,2.01693,2.54132,1.66289,1.74726,1.06928,1.48653,2.43813
63626385630702,4,0.3191626,1.87662,2.00537,2.42018,1.64109,1.93663,0.97815,1.27574,2.39195
63626385630735,4,0.3191626,1.87662,2.00537,2.42018,1.64109,1.93663,0.97815,1.27574,2.39195
63626385630752,4,0.3191626,1.87662,2.00537,2.42018,1.64109,1.93663,0.97815,1.27574,2.39195
63626385630785,4,0.3191626,1.87662,2.00537,2.42018,1.64109,1.93663,0.97815,1.27574,2.39195
63626385630818,5,0.8843043,2.00461,1.80441,2.47070,1.68517,1.80632,0.87891,1.46189,2.22702
63626385630835,5,0.8843043,2.00461,1.80441,2.47070,1.68517,1.80632,0.87891,1.46189,2.22702
63626385630869,5,0.8843043,2.00461,1.80441,2.47070,1.68517,1.80632,0.87891,1.46189,2.22702
63626385630885,5,0.8843043,2.00461,1.80441,2.47070,1.68517,1.80632,0.87891,1.46189,2.22702
63626385630918,5,3.11102,1.77552,1.59409,2.57810,1.64171,1.70979,0.93760,1.55418,2.52000
63626385630934,5,3.11102,1.77552,1.59409,2.57810,1.64171,1.70979,0.93760,1.55418,2.52000
63626385630967,5,3.11102,1.77552,1.59409,2.57810,1.64171,1.70979,0.93760,1.55418,2.52000
63626385631001,5,3.11102,1.77552,1.59409,2.57810,1.64171,1.70979,0.93760,1.55418,2.52000
63626385631017,5,0.2115116,1.57625,1.73651,2.44933,1.57363,1.63836,0.83192,1.63101,2.64300
63626385631050,5,0.2115116,1.57625,1.73651,2.44933,1.57363,1.63836,0.83192,1.63101,2.64300
63626385631066,5,0.2115116,1.57625,1.73651,2.44933,1.57363,1.63836,0.83192,1.63101,2.64300
63626385631100,5,0.2115116,1.57625,1.73651,2.44933,1.57363,1.63836,0.83192,1.63101,2.64300
63626385631116,4,0.978985,1.69829,1.82683,2.36232,1.69052,1.71582,0.82600,1.60025,2.75592
63626385631149,4,0.978985,1.69829,1.82683,2.36232,1.69052,1.71582,0.82600,1.60025,2.75592
63626385631182,4,0.978985,1.69829,1.82683,2.36232,1.69052,1.71582,0.82600,1.60025,2.75592
63626385631199,4,1.875631,1.82971,2.00253,2.40205,1.62065,1.88633,0.96457,1.51829,2.64547
63626385631233,4,1.875631,1.82971,2.00253,2.40205,1.62065,1.88633,0.96457,1.51829,2.64547
63626385631250,4,1.875631,1.82971,2.00253,2.40205,1.62065,1.88633,0.96457,1.51829,2.64547
63626385631283,4,1.875631,1.82971,2.00253,2.40205,1.62065,1.88633,0.96457,1.51829,2.64547
63626385631315,5,0.6724998,1.84621,1.94862,2.45338,1.43666,1.68454,0.83495,1.67463,2.29779
63626385631348,5,0.6724998,1.84621,1.94862,2.45338,1.43666,1.68454,0.83495,1.67463,2.29779
63626385631365,5,0.6724998,1.84621,1.94862,2.45338,1.43666,1.68454,0.83495,1.67463,2.29779
63626385631382,5,0.6724998,1.84621,1.94862,2.45338,1.43666,1.68454,0.83495,1.67463,2.29779
63626385631415,5,4.552812,1.68945,1.75319,2.49806,1.63016,1.72015,0.76417,2.03021,2.38090
63626385631447,5,4.552812,1.68945,1.75319,2.49806,1.63016,1.72015,0.76417,2.03021,2.38090
63626385631464,5,4.552812,1.68945,1.75319,2.49806,1.63016,1.72015,0.76417,2.03021,2.38090
63626385631497,5,4.552812,1.68945,1.75319,2.49806,1.63016,1.72015,0.76417,2.03021,2.38090
63626385631514,4,0.5256996,1.56749,1.89212,2.70113,1.81073,1.59896,0.74834,1.93845,2.34224
63626385631548,4,0.5256996,1.56749,1.89212,2.70113,1.81073,1.59896,0.74834,1.93845,2.34224
63626385631565,4,0.5256996,1.56749,1.89212,2.70113,1.81073,1.59896,0.74834,1.93845,2.34224
63626385631597,4,5.891745,1.44274,1.78717,2.73883,1.68522,1.53968,0.68210,1.71493,2.13195
63626385631630,4,5.891745,1.44274,1.78717,2.73883,1.68522,1.53968,0.68210,1.71493,2.13195
63626385631663,4,5.891745,1.44274,1.78717,2.73883,1.68522,1.53968,0.68210,1.71493,2.13195
63626385631680,4,5.891745,1.44274,1.78717,2.73883,1.68522,1.53968,0.68210,1.71493,2.13195
63626385631696,4,8.81947,1.56885,1.83927,2.68011,1.72659,1.54229,0.82880,2.07553,2.32097
63626385631729,4,8.81947,1.56885,1.83927,2.68011,1.72659,1.54229,0.82880,2.07553,2.32097
63626385631763,4,8.81947,1.56885,1.83927,2.68011,1.72659,1.54229,0.82880,2.07553,2.32097
63626385631779,4,8.81947,1.56885,1.83927,2.68011,1.72659,1.54229,0.82880,2.07553,2.32097
63626385631812,4,9.047615,1.79099,2.03834,2.72630,1.64665,1.46082,0.77996,2.28880,2.29638
63626385631829,4,9.047615,1.79099,2.03834,2.72630,1.64665,1.46082,0.77996,2.28880,2.29638
63626385631862,4,9.047615,1.79099,2.03834,2.72630,1.64665,1.46082,0.77996,2.28880,2.29638
63626385631895,4,9.047615,1.79099,2.03834,2.72630,1.64665,1.46082,0.77996,2.28880,2.29638
63626385631911,5,0.1547288,1.69224,2.00256,2.65515,1.52584,1.55383,0.73312,2.18447,2.25038
63626385631944,5,0.1547288,1.69224,2.00256,2.65515,1.52584,1.55383,0.73312,2.18447,2.25038
63626385631961,5,0.1547288,1.69224,2.00256,2.65515,1.52584,1.55383,0.73312,2.18447,2.25038
63626385631995,5,0.6624225,1.69224,2.00256,2.65515,1.52584,1.55383,0.73312,2.18447,2.25038
63626385632028,5,0.6624225,1.57034,2.02785,2.37173,1.40569,1.53597,0.84739,1.97483,2.57149
63626385632045,5,0.6624225,1.57034,2.02785,2.37173,1.40569,1.53597,0.84739,1.97483,2.57149
63626385632078,5,0.6624225,1.57034,2.02785,2.37173,1.40569,1.53597,0.84739,1.97483,2.57149
63626385632094,5,0.9517197,1.72359,2.04074,2.31709,1.10674,1.40911,0.87520,1.94946,2.51621
63626385632127,5,0.9517197,1.72359,2.04074,2.31709,1.10674,1.40911,0.87520,1.94946,2.51621
63626385632160,5,0.9517197,1.72359,2.04074,2.31709,1.10674,1.40911,0.87520,1.94946,2.51621
63626385632176,5,0.9517197,1.72359,2.04074,2.31709,1.10674,1.40911,0.87520,1.94946,2.51621
63626385632210,5,15.7391,1.59963,1.91635,2.41320,1.06860,1.36429,0.76678,1.85430,2.31185
63626385632226,5,15.7391,1.59963,1.91635,2.41320,1.06860,1.36429,0.76678,1.85430,2.31185
63626385632260,5,15.7391,1.59963,1.91635,2.41320,1.06860,1.36429,0.76678,1.85430,2.31185
63626385632293,5,15.7391,1.59963,1.91635,2.41320,1.06860,1.36429,0.76678,1.85430,2.31185
63626385632309,5,16.24104,1.39740,1.89865,2.39037,1.35200,1.35806,0.66048,1.74946,2.27590
63626385632343,5,16.24104,1.39740,1.89865,2.39037,1.35200,1.35806,0.66048,1.74946,2.27590
63626385632376,5,16.24104,1.39740,1.89865,2.39037,1.35200,1.35806,0.66048,1.74946,2.27590
63626385632393,5,16.24104,1.39740,1.89865,2.39037,1.35200,1.35806,0.66048,1.74946,2.27590
63626385632425,4,0.6368175,1.46034,1.85818,2.45213,1.51080,1.54944,0.67938,2.12407,2.11312
63626385632442,4,0.6368175,1.46034,1.85818,2.45213,1.51080,1.54944,0.67938,2.12407,2.11312
63626385632475,4,0.6368175,1.46034,1.85818,2.45213,1.51080,1.54944,0.67938,2.12407,2.11312
63626385632492,4,2.807446,1.42808,1.80840,2.55876,1.58328,1.81283,0.71744,1.97980,2.11200
63626385632524,4,2.807446,1.42808,1.80840,2.55876,1.58328,1.81283,0.71744,1.97980,2.11200
63626385632558,4,2.807446,1.42808,1.80840,2.55876,1.58328,1.81283,0.71744,1.97980,2.11200
63626385632574,4,2.807446,1.42808,1.80840,2.55876,1.58328,1.81283,0.71744,1.97980,2.11200
63626385632607,4,6.72468,1.38688,1.82922,2.35894,1.67980,1.70262,0.76520,1.85671,2.20007
63626385632624,4,6.72468,1.38688,1.82922,2.35894,1.67980,1.70262,0.76520,1.85671,2.20007
63626385632657,4,6.72468,1.38688,1.82922,2.35894,1.67980,1.70262,0.76520,1.85671,2.20007
63626385632707,4,13.37331,1.26922,1.77369,2.22056,1.49223,1.47567,0.68608,1.56630,2.33630
63626385632741,4,13.37331,1.26922,1.77369,2.22056,1.49223,1.47567,0.68608,1.56630,2.33630
63626385632757,4,13.37331,1.26922,1.77369,2.22056,1.49223,1.47567,0.68608,1.56630,2.33630
63626385632790,4,13.37331,1.26922,1.77369,2.22056,1.49223,1.47567,0.68608,1.56630,2.33630
63626385632806,4,13.92041,1.32086,1.57488,2.45696,1.45569,1.36966,0.81344,1.42090,2.58028
63626385632839,4,13.92041,1.32086,1.57488,2.45696,1.45569,1.36966,0.81344,1.42090,2.58028
63626385632872,4,13.92041,1.32086,1.57488,2.45696,1.45569,1.36966,0.81344,1.42090,2.58028
63626385632889,4,13.92041,1.32086,1.57488,2.45696,1.45569,1.36966,0.81344,1.42090,2.58028
63626385632922,4,10.39338,1.44595,1.82249,2.51971,1.50693,1.37205,0.84970,1.87689,2.23011
63626385632956,4,10.39338,1.44595,1.82249,2.51971,1.50693,1.37205,0.84970,1.87689,2.23011
63626385632971,4,10.39338,1.44595,1.82249,2.51971,1.50693,1.37205,0.84970,1.87689,2.23011
63626385633004,4,7.439161,1.46335,1.95059,2.37631,1.47871,1.64661,0.89222,1.96320,1.84664
63626385633021,4,7.439161,1.46335,1.95059,2.37631,1.47871,1.64661,0.89222,1.96320,1.84664
63626385633055,4,7.439161,1.46335,1.95059,2.37631,1.47871,1.64661,0.89222,1.96320,1.84664
63626385633088,4,7.439161,1.46335,1.95059,2.37631,1.47871,1.64661,0.89222,1.96320,1.84664
63626385633105,4,5.614398,1.49394,1.79567,2.13713,1.49258,1.65105,0.89061,1.84157,2.00188
63626385633138,4,5.614398,1.49394,1.79567,2.13713,1.49258,1.65105,0.89061,1.84157,2.00188
63626385633154,4,5.614398,1.49394,1.79567,2.13713,1.49258,1.65105,0.89061,1.84157,2.00188
63626385633187,4,5.614398,1.49394,1.79567,2.13713,1.49258,1.65105,0.89061,1.84157,2.00188
63626385633204,4,4.945708,1.38451,1.91449,1.97431,1.45822,1.41507,0.73051,1.68057,2.20150
63626385633237,4,4.945708,1.38451,1.91449,1.97431,1.45822,1.41507,0.73051,1.68057,2.20150
63626385633270,4,4.945708,1.38451,1.91449,1.97431,1.45822,1.41507,0.73051,1.68057,2.20150
63626385633286,4,4.945708,1.38451,1.91449,1.97431,1.45822,1.41507,0.73051,1.68057,2.20150
63626385633320,4,7.948699,1.39586,1.87312,1.80730,1.43430,1.55198,0.70462,1.51498,2.52452
63626385633336,4,7.948699,1.39586,1.87312,1.80730,1.43430,1.55198,0.70462,1.51498,2.52452
63626385633375,4,7.948699,1.39586,1.87312,1.80730,1.43430,1.55198,0.70462,1.51498,2.52452
63626385633403,4,7.948699,1.39586,1.87312,1.80730,1.43430,1.55198,0.70462,1.51498,2.52452
63626385633420,4,6.537522,1.59137,1.78751,1.96143,1.54370,1.55904,0.65733,1.63024,2.88584
63626385633453,4,6.537522,1.59137,1.78751,1.96143,1.54370,1.55904,0.65733,1.63024,2.88584
63626385633470,4,6.537522,1.59137,1.78751,1.96143,1.54370,1.55904,0.65733,1.63024,2.88584
63626385633503,4,3.092959,1.59102,1.77924,2.29647,1.48429,1.41823,0.62094,1.48065,2.93016
63626385633519,4,3.092959,1.59102,1.77924,2.29647,1.48429,1.41823,0.62094,1.48065,2.93016
63626385633552,4,3.092959,1.59102,1.77924,2.29647,1.48429,1.41823,0.62094,1.48065,2.93016
63626385633585,4,3.092959,1.59102,1.77924,2.29647,1.48429,1.41823,0.62094,1.48065,2.93016
63626385633602,4,0.7307962,1.48771,1.80875,2.24218,1.34865,1.38699,0.67308,1.29426,2.82271
63626385633634,4,0.7307962,1.48771,1.80875,2.24218,1.34865,1.38699,0.67308,1.29426,2.82271
63626385633651,4,0.7307962,1.48771,1.80875,2.24218,1.34865,1.38699,0.67308,1.29426,2.82271
63626385633684,4,0.7307962,1.48771,1.80875,2.24218,1.34865,1.38699,0.67308,1.29426,2.82271
63626385633717,5,0.1124912,1.39652,1.67496,2.09722,1.34942,1.41016,0.75307,1.46505,2.76237
63626385633733,5,0.1124912,1.39652,1.67496,2.09722,1.34942,1.41016,0.75307,1.46505,2.76237
63626385633767,5,0.1124912,1.39652,1.67496,2.09722,1.34942,1.41016,0.75307,1.46505,2.76237
63626385633784,5,0.1124912,1.39652,1.67496,2.09722,1.34942,1.41016,0.75307,1.46505,2.76237
63626385633818,4,2.492752,1.18331,1.66641,1.91024,1.32746,1.36887,0.70028,1.37014,2.65282
63626385633850,4,2.492752,1.18331,1.66641,1.91024,1.32746,1.36887,0.70028,1.37014,2.65282
63626385633867,4,2.492752,1.18331,1.66641,1.91024,1.32746,1.36887,0.70028,1.37014,2.65282
63626385633900,4,2.492752,1.18331,1.66641,1.91024,1.32746,1.36887,0.70028,1.37014,2.65282
63626385633916,4,10.76589,1.05273,1.55117,1.80769,1.07899,1.17378,0.53334,0.90968,2.69434
63626385633949,4,10.76589,1.05273,1.55117,1.80769,1.07899,1.17378,0.53334,0.90968,2.69434
63626385633966,4,10.76589,1.05273,1.55117,1.80769,1.07899,1.17378,0.53334,0.90968,2.69434
63626385633999,4,6.050539,1.02269,1.30686,1.87991,0.97522,1.13809,0.47812,0.91516,2.73583
63626385634032,4,6.050539,1.02269,1.30686,1.87991,0.97522,1.13809,0.47812,0.91516,2.73583
63626385634049,4,6.050539,1.02269,1.30686,1.87991,0.97522,1.13809,0.47812,0.91516,2.73583
63626385634081,4,6.050539,1.02269,1.30686,1.87991,0.97522,1.13809,0.47812,0.91516,2.73583
63626385634098,4,3.101108,1.10093,1.67532,2.04824,1.06609,1.25499,0.62384,1.32810,2.56726
63626385634132,4,3.101108,1.10093,1.67532,2.04824,1.06609,1.25499,0.62384,1.32810,2.56726
63626385634164,4,3.101108,1.10093,1.67532,2.04824,1.06609,1.25499,0.62384,1.32810,2.56726
63626385634182,4,3.101108,1.10093,1.67532,2.04824,1.06609,1.25499,0.62384,1.32810,2.56726
63626385634215,4,3.606494,1.24085,1.77459,2.22064,1.07562,1.24164,0.63261,1.39636,2.43222
63626385634231,4,3.606494,1.24085,1.77459,2.22064,1.07562,1.24164,0.63261,1.39636,2.43222
63626385634264,4,3.606494,1.24085,1.77459,2.22064,1.07562,1.24164,0.63261,1.39636,2.43222
63626385634298,4,3.606494,1.24085,1.77459,2.22064,1.07562,1.24164,0.63261,1.39636,2.43222
63626385634314,5,0.321775,1.25598,1.52734,2.54380,1.33222,1.36752,0.60007,1.27210,2.77689
63626385634347,5,0.321775,1.25598,1.52734,2.54380,1.33222,1.36752,0.60007,1.27210,2.77689
63626385634364,5,0.321775,1.25598,1.52734,2.54380,1.33222,1.36752,0.60007,1.27210,2.77689
63626385634396,5,0.321775,1.25598,1.52734,2.54380,1.33222,1.36752,0.60007,1.27210,2.77689
63626385634413,4,6.439967,1.28953,1.55973,2.74974,1.62858,1.55554,0.61297,1.20923,2.88243
63626385634446,4,6.439967,1.28953,1.55973,2.74974,1.62858,1.55554,0.61297,1.20923,2.88243
63626385634480,4,6.439967,1.28953,1.55973,2.74974,1.62858,1.55554,0.61297,1.20923,2.88243
63626385634496,4,18.56215,1.31319,1.57114,2.49283,1.67622,1.63391,0.63468,1.46395,2.70888
63626385634529,4,18.56215,1.31319,1.57114,2.49283,1.67622,1.63391,0.63468,1.46395,2.70888
63626385634563,4,18.56215,1.31319,1.57114,2.49283,1.67622,1.63391,0.63468,1.46395,2.70888
63626385634579,4,18.56215,1.31319,1.57114,2.49283,1.67622,1.63391,0.63468,1.46395,2.70888
63626385634612,4,19.52095,1.30618,1.84510,2.40600,1.69838,1.70936,0.71767,1.44938,2.63509
63626385634629,4,19.52095,1.30618,1.84510,2.40600,1.69838,1.70936,0.71767,1.44938,2.63509
63626385634926,4,19.52095,1.30618,1.84510,2.40600,1.69838,1.70936,0.71767,1.44938,2.63509
63626385634943,4,20.68828,1.45080,1.92323,2.19874,1.50407,1.52935,0.77599,1.30285,2.47235
63626385634961,4,7.130619,1.46164,1.67420,1.90590,1.23809,1.30968,0.68302,1.37210,2.47051
63626385634977,5,0.7884213,1.30411,1.79955,2.32469,1.31418,1.51811,0.55911,1.21334,2.61049
63626385634994,5,0.7884213,1.30411,1.79955,2.32469,1.31418,1.51811,0.55911,1.21334,2.61049
63626385635010,4,4.321982,1.44394,1.99541,2.44439,1.35922,1.71188,0.65945,1.20416,2.57579
63626385635027,4,4.321982,1.44394,1.99541,2.44439,1.35922,1.71188,0.65945,1.20416,2.57579
63626385635060,4,4.321982,1.44394,1.99541,2.44439,1.35922,1.71188,0.65945,1.20416,2.57579
63626385635092,4,4.321982,1.44394,1.99541,2.44439,1.35922,1.71188,0.65945,1.20416,2.57579
63626385635109,4,1.611408,1.54258,1.97735,2.50812,1.23828,1.61057,0.75289,1.31802,2.39010
63626385635142,4,1.611408,1.54258,1.97735,2.50812,1.23828,1.61057,0.75289,1.31802,2.39010
63626385635159,4,1.611408,1.54258,1.97735,2.50812,1.23828,1.61057,0.75289,1.31802,2.39010
63626385635192,4,1.611408,1.54258,1.97735,2.50812,1.23828,1.61057,0.75289,1.31802,2.39010
63626385635208,5,1.434461,1.32615,1.83605,2.69923,1.28949,1.57800,0.62971,1.14376,2.50563
63626385635241,5,1.434461,1.32615,1.83605,2.69923,1.28949,1.57800,0.62971,1.14376,2.50563
63626385635274,5,1.434461,1.32615,1.83605,2.69923,1.28949,1.57800,0.62971,1.14376,2.50563
63626385635290,5,2.827137,1.32615,1.83605,2.69923,1.28949,1.57800,0.62971,1.14376,2.50563
63626385635325,4,2.827137,1.16228,1.74414,2.43594,1.34983,1.51681,0.61436,1.29689,2.67732
63626385635341,4,2.827137,1.16228,1.74414,2.43594,1.34983,1.51681,0.61436,1.29689,2.67732
63626385635375,4,2.827137,1.16228,1.74414,2.43594,1.34983,1.51681,0.61436,1.29689,2.67732
63626385635391,4,12.50166,1.42853,1.84658,2.28143,1.56486,1.81647,0.70059,1.74912,2.61688
63626385635424,4,12.50166,1.42853,1.84658,2.28143,1.56486,1.81647,0.70059,1.74912,2.61688
63626385635457,4,12.50166,1.42853,1.84658,2.28143,1.56486,1.81647,0.70059,1.74912,2.61688
63626385635474,4,12.50166,1.42853,1.84658,2.28143,1.56486,1.81647,0.70059,1.74912,2.61688
63626385635506,4,10.45326,1.59708,1.91870,2.20948,1.69606,2.09789,0.80359,1.87799,2.46260
63626385635524,4,10.45326,1.59708,1.91870,2.20948,1.69606,2.09789,0.80359,1.87799,2.46260
63626385635556,4,10.45326,1.59708,1.91870,2.20948,1.69606,2.09789,0.80359,1.87799,2.46260
63626385635589,4,10.45326,1.59708,1.91870,2.20948,1.69606,2.09789,0.80359,1.87799,2.46260
63626385635606,4,8.95935,1.30134,1.80723,2.23104,1.60529,1.76205,0.85679,1.79850,2.46405
63626385635639,4,8.95935,1.30134,1.80723,2.23104,1.60529,1.76205,0.85679,1.79850,2.46405
63626385635655,4,8.95935,1.30134,1.80723,2.23104,1.60529,1.76205,0.85679,1.79850,2.46405
63626385635689,4,8.95935,1.30134,1.80723,2.23104,1.60529,1.76205,0.85679,1.79850,2.46405
63626385635723,4,17.15778,1.31545,1.65190,2.32757,1.51659,1.75400,0.79194,1.76637,2.56284
63626385635739,4,17.15778,1.31545,1.65190,2.32757,1.51659,1.75400,0.79194,1.76637,2.56284
63626385635772,4,17.15778,1.31545,1.65190,2.32757,1.51659,1.75400,0.79194,1.76637,2.56284
63626385635789,4,13.04535,1.60490,1.55415,2.33481,1.42500,1.76801,0.69883,1.99449,2.71337
63626385635821,4,13.04535,1.60490,1.55415,2.33481,1.42500,1.76801,0.69883,1.99449,2.71337
63626385635854,4,13.04535,1.60490,1.55415,2.33481,1.42500,1.76801,0.69883,1.99449,2.71337
63626385635871,4,13.04535,1.60490,1.55415,2.33481,1.42500,1.76801,0.69883,1.99449,2.71337
63626385635904,5,0.4391919,1.46481,1.48344,2.31205,1.47521,1.70427,0.68655,2.01849,2.78674
63626385635937,5,0.4391919,1.46481,1.48344,2.31205,1.47521,1.70427,0.68655,2.01849,2.78674
63626385635954,5,0.4391919,1.46481,1.48344,2.31205,1.47521,1.70427,0.68655,2.01849,2.78674
63626385635987,5,0.4391919,1.46481,1.48344,2.31205,1.47521,1.70427,0.68655,2.01849,2.78674
63626385636003,4,4.332554,1.34164,1.56481,2.25535,1.44983,1.76879,0.77534,2.21658,2.77514
63626385636037,4,4.332554,1.34164,1.56481,2.25535,1.44983,1.76879,0.77534,2.21658,2.77514
63626385636053,4,4.332554,1.34164,1.56481,2.25535,1.44983,1.76879,0.77534,2.21658,2.77514
63626385636087,4,4.332554,1.34164,1.56481,2.25535,1.44983,1.76879,0.77534,2.21658,2.77514
63626385636120,4,9.327677,1.34531,1.65070,2.12377,1.43854,1.67642,0.72250,2.50830,2.58762
63626385636137,4,9.327677,1.34531,1.65070,2.12377,1.43854,1.67642,0.72250,2.50830,2.58762
63626385636169,4,9.327677,1.34531,1.65070,2.12377,1.43854,1.67642,0.72250,2.50830,2.58762
63626385636186,4,9.327677,1.34531,1.65070,2.12377,1.43854,1.67642,0.72250,2.50830,2.58762
63626385636219,4,8.729514,1.25791,1.80064,2.26699,1.44116,1.58654,0.68608,2.27160,2.61428
63626385636252,4,8.729514,1.25791,1.80064,2.26699,1.44116,1.58654,0.68608,2.27160,2.61428
63626385636269,4,8.729514,1.25791,1.80064,2.26699,1.44116,1.58654,0.68608,2.27160,2.61428
63626385636301,4,12.33015,1.35218,1.72210,2.39638,1.32684,1.55639,0.73052,2.30582,2.79595
63626385636318,4,12.33015,1.35218,1.72210,2.39638,1.32684,1.55639,0.73052,2.30582,2.79595
63626385636351,4,12.33015,1.35218,1.72210,2.39638,1.32684,1.55639,0.73052,2.30582,2.79595
63626385636367,4,12.33015,1.35218,1.72210,2.39638,1.32684,1.55639,0.73052,2.30582,2.79595
63626385636401,4,3.98645,1.35686,1.58719,2.15823,1.18331,1.40089,0.63369,2.48731,2.64267
63626385636435,4,3.98645,1.35686,1.58719,2.15823,1.18331,1.40089,0.63369,2.48731,2.64267
63626385636451,4,3.98645,1.35686,1.58719,2.15823,1.18331,1.40089,0.63369,2.48731,2.64267
63626385636484,4,3.98645,1.35686,1.58719,2.15823,1.18331,1.40089,0.63369,2.48731,2.64267
63626385636501,5,0.388403,1.27222,1.47576,2.22690,1.13491,1.25398,0.69521,2.52599,2.52843
63626385636534,5,0.388403,1.27222,1.47576,2.22690,1.13491,1.25398,0.69521,2.52599,2.52843
63626385636567,5,0.388403,1.27222,1.47576,2.22690,1.13491,1.25398,0.69521,2.52599,2.52843
63626385636583,5,0.388403,1.27222,1.47576,2.22690,1.13491,1.25398,0.69521,2.52599,2.52843
63626385636616,5,0.1970275,1.40451,1.37954,2.33357,1.07137,1.09865,0.69220,2.12595,2.38153
63626385636633,5,0.1970275,1.40451,1.37954,2.33357,1.07137,1.09865,0.69220,2.12595,2.38153
63626385636666,5,0.1970275,1.40451,1.37954,2.33357,1.07137,1.09865,0.69220,2.12595,2.38153
63626385636699,5,4.99549,1.43981,1.65482,1.97454,1.04911,1.09083,0.63259,1.70928,2.43106
63626385636716,5,4.99549,1.43981,1.65482,1.97454,1.04911,1.09083,0.63259,1.70928,2.43106
63626385636750,5,4.99549,1.43981,1.65482,1.97454,1.04911,1.09083,0.63259,1.70928,2.43106
63626385636782,5,4.99549,1.43981,1.65482,1.97454,1.04911,1.09083,0.63259,1.70928,2.43106
63626385636799,5,8.502359,1.37857,1.83080,2.07166,1.06642,1.30346,0.83798,1.39936,2.55397
63626385636832,5,8.502359,1.37857,1.83080,2.07166,1.06642,1.30346,0.83798,1.39936,2.55397
63626385636849,5,8.502359,1.37857,1.83080,2.07166,1.06642,1.30346,0.83798,1.39936,2.55397
63626385636882,5,8.502359,1.37857,1.83080,2.07166,1.06642,1.30346,0.83798,1.39936,2.55397
63626385636898,5,7.485702,1.40069,1.76569,2.26444,1.32581,1.60512,0.77927,1.01872,2.57548
63626385636931,5,7.485702,1.40069,1.76569,2.26444,1.32581,1.60512,0.77927,1.01872,2.57548
63626385636965,5,7.485702,1.40069,1.76569,2.26444,1.32581,1.60512,0.77927,1.01872,2.57548
63626385636981,5,7.485702,1.40069,1.76569,2.26444,1.32581,1.60512,0.77927,1.01872,2.57548
63626385637014,4,0.4009949,1.44260,1.61492,2.14360,1.63193,1.76700,0.66669,1.21408,2.55107
63626385637031,4,0.4009949,1.44260,1.61492,2.14360,1.63193,1.76700,0.66669,1.21408,2.55107
63626385637064,4,0.4009949,1.44260,1.61492,2.14360,1.63193,1.76700,0.66669,1.21408,2.55107
63626385637080,4,0.4009949,1.44260,1.61492,2.14360,1.63193,1.76700,0.66669,1.21408,2.55107
63626385637114,4,5.029243,1.55340,1.61632,2.29979,1.70815,1.85868,0.71655,1.17245,2.68228
63626385637146,4,5.029243,1.55340,1.61632,2.29979,1.70815,1.85868,0.71655,1.17245,2.68228
63626385637163,4,5.029243,1.55340,1.61632,2.29979,1.70815,1.85868,0.71655,1.17245,2.68228
63626385637197,4,5.029243,1.55340,1.61632,2.29979,1.70815,1.85868,0.71655,1.17245,2.68228
63626385637213,4,6.713968,1.52857,1.72840,2.49921,1.52721,1.63471,0.65216,1.00526,2.82341
63626385637246,4,6.713968,1.52857,1.72840,2.49921,1.52721,1.63471,0.65216,1.00526,2.82341
63626385637263,4,6.713968,1.52857,1.72840,2.49921,1.52721,1.63471,0.65216,1.00526,2.82341
63626385637296,4,3.956468,1.53857,1.52483,2.38031,1.25823,1.12139,0.54751,0.85660,2.93150
63626385637329,4,3.956468,1.53857,1.52483,2.38031,1.25823,1.12139,0.54751,0.85660,2.93150
63626385637345,4,3.956468,1.53857,1.52483,2.38031,1.25823,1.12139,0.54751,0.85660,2.93150
63626385637378,4,3.956468,1.53857,1.52483,2.38031,1.25823,1.12139,0.54751,0.85660,2.93150
63626385637395,5,1.24272,1.56220,1.47040,2.23999,1.21378,1.23801,0.62875,0.79622,2.91065
63626385637428,5,1.24272,1.56220,1.47040,2.23999,1.21378,1.23801,0.62875,0.79622,2.91065
63626385637444,5,1.24272,1.56220,1.47040,2.23999,1.21378,1.23801,0.62875,0.79622,2.91065
63626385637477,5,1.24272,1.56220,1.47040,2.23999,1.21378,1.23801,0.62875,0.79622,2.91065
63626385637496,5,3.574731,1.52644,1.84365,2.40210,1.29135,1.61871,0.75989,1.40878,2.76185
63626385637528,5,3.574731,1.52644,1.84365,2.40210,1.29135,1.61871,0.75989,1.40878,2.76185
63626385637561,5,3.574731,1.52644,1.84365,2.40210,1.29135,1.61871,0.75989,1.40878,2.76185
63626385637578,5,3.574731,1.52644,1.84365,2.40210,1.29135,1.61871,0.75989,1.40878,2.76185
63626385637611,5,2.642164,1.49699,1.80501,2.25480,1.39446,1.63661,0.75058,1.67481,2.82849
63626385637627,5,2.642164,1.49699,1.80501,2.25480,1.39446,1.63661,0.75058,1.67481,2.82849
63626385637660,5,2.642164,1.49699,1.80501,2.25480,1.39446,1.63661,0.75058,1.67481,2.82849
63626385637693,5,2.642164,1.49699,1.80501,2.25480,1.39446,1.63661,0.75058,1.67481,2.82849
63626385637710,4,0.1797662,1.58135,1.50461,2.26501,1.65561,1.80596,0.82602,1.35488,2.91706
63626385637743,4,0.1797662,1.58135,1.50461,2.26501,1.65561,1.80596,0.82602,1.35488,2.91706
63626385637759,4,0.1797662,1.58135,1.50461,2.26501,1.65561,1.80596,0.82602,1.35488,2.91706
63626385637793,4,0.1797662,1.58135,1.50461,2.26501,1.65561,1.80596,0.82602,1.35488,2.91706
63626385637809,4,3.188061,1.64745,1.69563,2.62936,1.86676,1.82647,0.88960,1.33539,2.93932
63626385637843,4,3.188061,1.64745,1.69563,2.62936,1.86676,1.82647,0.88960,1.33539,2.93932
63626385637876,4,3.188061,1.64745,1.69563,2.62936,1.86676,1.82647,0.88960,1.33539,2.93932
63626385637893,4,3.188061,1.64745,1.69563,2.62936,1.86676,1.82647,0.88960,1.33539,2.93932
63626385637926,4,8.263509,1.56718,1.71473,2.47657,1.59573,1.69336,0.73621,1.24695,2.80116
63626385637942,4,8.263509,1.56718,1.71473,2.47657,1.59573,1.69336,0.73621,1.24695,2.80116
63626385637975,4,8.263509,1.56718,1.71473,2.47657,1.59573,1.69336,0.73621,1.24695,2.80116
63626385638008,4,4.913578,1.60281,1.71458,2.36879,1.46305,1.82045,0.71988,1.38776,2.69258
63626385638025,4,4.913578,1.60281,1.71458,2.36879,1.46305,1.82045,0.71988,1.38776,2.69258
63626385638058,4,4.913578,1.60281,1.71458,2.36879,1.46305,1.82045,0.71988,1.38776,2.69258
63626385638075,4,4.913578,1.60281,1.71458,2.36879,1.46305,1.82045,0.71988,1.38776,2.69258
63626385638107,5,0.1180517,1.65278,1.84981,2.39621,1.56505,1.84951,0.78788,1.84327,2.81366
63626385638124,5,0.1180517,1.65278,1.84981,2.39621,1.56505,1.84951,0.78788,1.84327,2.81366
63626385638157,5,0.1180517,1.65278,1.84981,2.39621,1.56505,1.84951,0.78788,1.84327,2.81366
63626385638190,5,0.1180517,1.65278,1.84981,2.39621,1.56505,1.84951,0.78788,1.84327,2.81366
63626385638206,4,0.8944426,1.60347,1.67703,2.22044,1.39517,1.63779,0.73113,1.61879,2.96390
63626385638241,4,0.8944426,1.60347,1.67703,2.22044,1.39517,1.63779,0.73113,1.61879,2.96390
63626385638257,4,0.8944426,1.60347,1.67703,2.22044,1.39517,1.63779,0.73113,1.61879,2.96390
63626385638290,4,0.8944426,1.60347,1.67703,2.22044,1.39517,1.63779,0.73113,1.61879,2.96390
63626385638324,5,0.6664266,1.50948,1.74517,2.25966,1.14632,1.39913,0.71515,1.56974,2.99720
63626385638340,5,0.6664266,1.50948,1.74517,2.25966,1.14632,1.39913,0.71515,1.56974,2.99720
63626385638373,5,0.6664266,1.50948,1.74517,2.25966,1.14632,1.39913,0.71515,1.56974,2.99720
63626385638389,5,0.6664266,1.50948,1.74517,2.25966,1.14632,1.39913,0.71515,1.56974,2.99720
63626385638423,5,3.810541,1.30518,1.77243,2.50919,1.12037,1.39135,0.64115,1.63188,2.95997
63626385638439,5,3.810541,1.30518,1.77243,2.50919,1.12037,1.39135,0.64115,1.63188,2.95997
63626385638472,5,3.810541,1.30518,1.77243,2.50919,1.12037,1.39135,0.64115,1.63188,2.95997
63626385638505,5,1.435554,1.39564,1.55929,2.56687,1.16720,1.41426,0.58985,1.41273,2.72903
63626385638521,5,1.435554,1.39564,1.55929,2.56687,1.16720,1.41426,0.58985,1.41273,2.72903
63626385638555,5,1.435554,1.39564,1.55929,2.56687,1.16720,1.41426,0.58985,1.41273,2.72903
63626385638571,5,1.435554,1.39564,1.55929,2.56687,1.16720,1.41426,0.58985,1.41273,2.72903
63626385638604,5,3.310038,1.53451,1.64722,2.35153,1.29867,1.64041,0.73718,1.60298,2.72917
63626385638622,5,3.310038,1.53451,1.64722,2.35153,1.29867,1.64041,0.73718,1.60298,2.72917
63626385638655,5,3.310038,1.53451,1.64722,2.35153,1.29867,1.64041,0.73718,1.60298,2.72917
63626385638688,5,3.310038,1.53451,1.64722,2.35153,1.29867,1.64041,0.73718,1.60298,2.72917
63626385638705,5,4.433302,1.41767,1.71698,2.24063,1.23370,1.38633,0.79266,1.75602,2.99378
63626385638737,5,4.433302,1.41767,1.71698,2.24063,1.23370,1.38633,0.79266,1.75602,2.99378
63626385638754,5,4.433302,1.41767,1.71698,2.24063,1.23370,1.38633,0.79266,1.75602,2.99378
63626385638787,5,4.433302,1.41767,1.71698,2.24063,1.23370,1.38633,0.79266,1.75602,2.99378
63626385638820,5,2.358745,1.33152,1.37087,2.22401,1.06582,1.00841,0.66667,1.67457,3.03959
63626385638836,5,2.358745,1.33152,1.37087,2.22401,1.06582,1.00841,0.66667,1.67457,3.03959
63626385638870,5,2.358745,1.33152,1.37087,2.22401,1.06582,1.00841,0.66667,1.67457,3.03959
63626385638886,5,2.358745,1.33152,1.37087,2.22401,1.06582,1.00841,0.66667,1.67457,3.03959
63626385638919,5,5.627796,1.26637,1.26481,2.20034,1.18279,1.29167,0.66642,1.56176,2.86721
63626385638936,5,5.627796,1.26637,1.26481,2.20034,1.18279,1.29167,0.66642,1.56176,2.86721
63626385638969,5,5.627796,1.26637,1.26481,2.20034,1.18279,1.29167,0.66642,1.56176,2.86721
63626385639003,4,0.3313517,1.14061,1.35562,2.12828,1.21400,1.42620,0.75436,1.75025,2.82402
63626385639036,4,0.3313517,1.14061,1.35562,2.12828,1.21400,1.42620,0.75436,1.75025,2.82402
63626385639052,4,0.3313517,1.14061,1.35562,2.12828,1.21400,1.42620,0.75436,1.75025,2.82402
63626385639069,4,0.3313517,1.14061,1.35562,2.12828,1.21400,1.42620,0.75436,1.75025,2.82402
63626385639102,4,3.174242,1.22502,1.62935,2.29164,1.13762,1.09490,0.71660,1.79537,2.77278
63626385639135,4,3.174242,1.22502,1.62935,2.29164,1.13762,1.09490,0.71660,1.79537,2.77278
63626385639151,4,3.174242,1.22502,1.62935,2.29164,1.13762,1.09490,0.71660,1.79537,2.77278
63626385639185,4,3.174242,1.22502,1.62935,2.29164,1.13762,1.09490,0.71660,1.79537,2.77278
63626385639201,4,0.9024079,1.38087,1.50666,2.37695,1.17346,1.12085,0.58625,1.67122,2.73174
63626385639234,4,0.9024079,1.38087,1.50666,2.37695,1.17346,1.12085,0.58625,1.67122,2.73174
63626385639268,4,0.9024079,1.38087,1.50666,2.37695,1.17346,1.12085,0.58625,1.67122,2.73174
63626385639283,4,0.9024079,1.38087,1.50666,2.37695,1.17346,1.12085,0.58625,1.67122,2.73174
63626385639316,5,0.6593158,1.19329,1.14312,2.06966,1.22016,1.49727,0.58441,1.52495,2.62789
63626385639334,5,0.6593158,1.19329,1.14312,2.06966,1.22016,1.49727,0.58441,1.52495,2.62789
63626385639367,5,0.6593158,1.19329,1.14312,2.06966,1.22016,1.49727,0.58441,1.52495,2.62789
63626385639400,5,0.6593158,1.19329,1.14312,2.06966,1.22016,1.49727,0.58441,1.52495,2.62789
63626385639416,4,2.429981,1.06676,1.48965,1.78145,1.04694,1.35010,0.58751,0.98696,2.65212
63626385639449,4,2.429981,1.06676,1.48965,1.78145,1.04694,1.35010,0.58751,0.98696,2.65212
63626385639466,4,2.429981,1.06676,1.48965,1.78145,1.04694,1.35010,0.58751,0.98696,2.65212
63626385639499,4,2.524186,1.26074,1.59295,2.00821,1.15314,1.19984,0.62436,0.95029,2.72206
63626385639516,4,2.524186,1.26074,1.59295,2.00821,1.15314,1.19984,0.62436,0.95029,2.72206
63626385639549,4,2.524186,1.26074,1.59295,2.00821,1.15314,1.19984,0.62436,0.95029,2.72206
63626385639582,4,2.524186,1.26074,1.59295,2.00821,1.15314,1.19984,0.62436,0.95029,2.72206
63626385639598,4,0.5568041,1.46985,1.37990,2.38012,1.50670,1.41588,0.71650,1.02749,2.59485
63626385639631,4,0.5568041,1.46985,1.37990,2.38012,1.50670,1.41588,0.71650,1.02749,2.59485
63626385639648,4,0.5568041,1.46985,1.37990,2.38012,1.50670,1.41588,0.71650,1.02749,2.59485
63626385639681,4,0.5568041,1.46985,1.37990,2.38012,1.50670,1.41588,0.71650,1.02749,2.59485
63626385639715,4,6.474013,1.30824,1.47455,2.25295,1.53550,1.59365,0.72517,0.86913,2.65576
63626385639731,4,6.474013,1.30824,1.47455,2.25295,1.53550,1.59365,0.72517,0.86913,2.65576
63626385639765,4,6.474013,1.30824,1.47455,2.25295,1.53550,1.59365,0.72517,0.86913,2.65576
63626385639781,4,6.474013,1.30824,1.47455,2.25295,1.53550,1.59365,0.72517,0.86913,2.65576
63626385639814,4,14.09058,1.10441,1.53732,1.99452,1.22619,1.41888,0.65137,0.99573,2.86274
63626385639847,4,14.09058,1.10441,1.53732,1.99452,1.22619,1.41888,0.65137,0.99573,2.86274
63626385639864,4,14.09058,1.10441,1.53732,1.99452,1.22619,1.41888,0.65137,0.99573,2.86274
63626385639897,4,14.09058,1.10441,1.53732,1.99452,1.22619,1.41888,0.65137,0.99573,2.86274
63626385639913,4,9.871212,1.14491,1.39709,2.13211,1.13881,1.25293,0.55220,1.49382,2.97286
63626385639946,4,9.871212,1.14491,1.39709,2.13211,1.13881,1.25293,0.55220,1.49382,2.97286
63626385639963,4,9.871212,1.14491,1.39709,2.13211,1.13881,1.25293,0.55220,1.49382,2.97286
63626385639996,4,4.755852,1.14949,1.53365,1.97026,1.45299,1.55812,0.50376,1.56108,2.83446
63626385640029,4,4.755852,1.14949,1.53365,1.97026,1.45299,1.55812,0.50376,1.56108,2.83446
63626385640046,4,4.755852,1.14949,1.53365,1.97026,1.45299,1.55812,0.50376,1.56108,2.83446
63626385640079,4,4.755852,1.14949,1.53365,1.97026,1.45299,1.55812,0.50376,1.56108,2.83446
63626385640096,4,17.14008,1.18875,1.58845,1.86469,1.37923,1.50833,0.50520,1.18186,2.78313
63626385640129,4,17.14008,1.18875,1.58845,1.86469,1.37923,1.50833,0.50520,1.18186,2.78313
63626385640162,4,17.14008,1.18875,1.58845,1.86469,1.37923,1.50833,0.50520,1.18186,2.78313
63626385640179,4,17.14008,1.18875,1.58845,1.86469,1.37923,1.50833,0.50520,1.18186,2.78313
63626385640212,4,12.61934,1.31769,1.36833,1.98904,1.08612,1.20326,0.55991,1.01241,2.81087
63626385640228,4,12.61934,1.31769,1.36833,1.98904,1.08612,1.20326,0.55991,1.01241,2.81087
63626385640256,4,12.61934,1.31769,1.36833,1.98904,1.08612,1.20326,0.55991,1.01241,2.81087
63626385640289,4,12.61934,1.31769,1.36833,1.98904,1.08612,1.20326,0.55991,1.01241,2.81087
63626385640322,5,0.8525895,1.33271,1.45054,1.78152,1.20171,1.27712,0.70787,1.16756,2.85703
63626385640338,5,0.8525895,1.33271,1.45054,1.78152,1.20171,1.27712,0.70787,1.16756,2.85703
63626385640371,5,0.8525895,1.33271,1.45054,1.78152,1.20171,1.27712,0.70787,1.16756,2.85703
63626385640389,5,0.09601123,1.20210,1.44328,1.82143,1.17570,1.28593,0.75836,1.43033,3.03352
63626385640421,5,0.09601123,1.20210,1.44328,1.82143,1.17570,1.28593,0.75836,1.43033,3.03352
63626385640455,5,0.09601123,1.20210,1.44328,1.82143,1.17570,1.28593,0.75836,1.43033,3.03352
63626385640471,5,0.09601123,1.20210,1.44328,1.82143,1.17570,1.28593,0.75836,1.43033,3.03352
63626385640505,4,1.577636,1.26267,1.40733,1.80046,1.10515,1.18474,0.72886,1.48965,3.05077
63626385640538,4,1.577636,1.26267,1.40733,1.80046,1.10515,1.18474,0.72886,1.48965,3.05077
63626385640554,4,1.577636,1.26267,1.40733,1.80046,1.10515,1.18474,0.72886,1.48965,3.05077
63626385640588,4,1.577636,1.26267,1.40733,1.80046,1.10515,1.18474,0.72886,1.48965,3.05077
63626385640605,5,0.260152,1.35774,1.54087,2.02292,1.13231,1.34664,0.66326,1.61861,2.93278
63626385640637,5,0.260152,1.35774,1.54087,2.02292,1.13231,1.34664,0.66326,1.61861,2.93278
63626385640653,5,0.260152,1.35774,1.54087,2.02292,1.13231,1.34664,0.66326,1.61861,2.93278
63626385640687,5,0.260152,1.35774,1.54087,2.02292,1.13231,1.34664,0.66326,1.61861,2.93278
63626385640703,5,1.606799,1.25807,1.36460,2.02905,0.96420,1.23661,0.52544,1.44744,2.85260
63626385640736,5,1.606799,1.25807,1.36460,2.02905,0.96420,1.23661,0.52544,1.44744,2.85260
63626385640769,5,1.606799,1.25807,1.36460,2.02905,0.96420,1.23661,0.52544,1.44744,2.85260
63626385640786,5,1.606799,1.25807,1.36460,2.02905,0.96420,1.23661,0.52544,1.44744,2.85260
63626385640819,5,4.052815,1.28066,1.30144,1.75613,0.95308,1.09820,0.55195,1.25967,2.84734
63626385640836,5,4.052815,1.28066,1.30144,1.75613,0.95308,1.09820,0.55195,1.25967,2.84734
63626385640869,5,4.052815,1.28066,1.30144,1.75613,0.95308,1.09820,0.55195,1.25967,2.84734
63626385640902,5,6.482718,1.17894,1.52722,1.87173,0.83866,1.02784,0.59377,1.15762,2.88396
63626385640919,5,6.482718,1.17894,1.52722,1.87173,0.83866,1.02784,0.59377,1.15762,2.88396
63626385640952,5,6.482718,1.17894,1.52722,1.87173,0.83866,1.02784,0.59377,1.15762,2.88396
63626385640968,5,6.482718,1.17894,1.52722,1.87173,0.83866,1.02784,0.59377,1.15762,2.88396
63626385641001,5,8.611103,1.07947,1.63828,1.97737,0.96873,1.01259,0.53365,0.96442,3.01717
63626385641035,5,8.611103,1.07947,1.63828,1.97737,0.96873,1.01259,0.53365,0.96442,3.01717
63626385641051,5,8.611103,1.07947,1.63828,1.97737,0.96873,1.01259,0.53365,0.96442,3.01717
63626385641084,5,8.611103,1.07947,1.63828,1.97737,0.96873,1.01259,0.53365,0.96442,3.01717
63626385641101,4,0.1141148,1.22997,1.63363,2.13024,1.15589,1.15099,0.42853,1.01139,3.05130
63626385641134,4,0.1141148,1.22997,1.63363,2.13024,1.15589,1.15099,0.42853,1.01139,3.05130
63626385641150,4,0.1141148,1.22997,1.63363,2.13024,1.15589,1.15099,0.42853,1.01139,3.05130
63626385641183,4,0.1141148,1.22997,1.63363,2.13024,1.15589,1.15099,0.42853,1.01139,3.05130
63626385641216,4,0.8146366,1.25505,1.67446,2.00110,0.91961,1.24949,0.46475,1.16201,2.89107
63626385641234,4,0.8146366,1.25505,1.67446,2.00110,0.91961,1.24949,0.46475,1.16201,2.89107
63626385641267,4,0.8146366,1.25505,1.67446,2.00110,0.91961,1.24949,0.46475,1.16201,2.89107
63626385641283,4,0.8146366,1.25505,1.67446,2.00110,0.91961,1.24949,0.46475,1.16201,2.89107
63626385641317,5,3.367034,1.19377,1.71364,2.03051,1.19950,1.54740,0.55991,1.39836,2.94916
63626385641333,5,3.367034,1.19377,1.71364,2.03051,1.19950,1.54740,0.55991,1.39836,2.94916
63626385641366,5,3.367034,1.19377,1.71364,2.03051,1.19950,1.54740,0.55991,1.39836,2.94916
63626385641399,5,3.367034,1.19377,1.71364,2.03051,1.19950,1.54740,0.55991,1.39836,2.94916
63626385641416,4,1.045857,1.39180,1.55427,2.32832,1.44805,1.77019,0.57381,1.42310,2.90073
63626385641449,4,1.045857,1.39180,1.55427,2.32832,1.44805,1.77019,0.57381,1.42310,2.90073
63626385641482,4,1.045857,1.39180,1.55427,2.32832,1.44805,1.77019,0.57381,1.42310,2.90073
63626385641498,4,2.900052,1.45087,1.35746,2.35389,1.25880,1.71973,0.53689,1.71311,2.92139
63626385641531,4,2.900052,1.45087,1.35746,2.35389,1.25880,1.71973,0.53689,1.71311,2.92139
63626385641548,4,2.900052,1.45087,1.35746,2.35389,1.25880,1.71973,0.53689,1.71311,2.92139
63626385641581,4,2.900052,1.45087,1.35746,2.35389,1.25880,1.71973,0.53689,1.71311,2.92139
63626385641597,5,0.5365337,1.33463,1.67943,2.53804,1.37938,1.51287,0.58709,2.30792,3.12595
63626385641632,5,0.5365337,1.33463,1.67943,2.53804,1.37938,1.51287,0.58709,2.30792,3.12595
63626385641664,5,0.5365337,1.33463,1.67943,2.53804,1.37938,1.51287,0.58709,2.30792,3.12595
63626385641697,5,0.5365337,1.33463,1.67943,2.53804,1.37938,1.51287,0.58709,2.30792,3.12595
63626385641714,4,1.358013,1.47064,1.92436,2.63105,1.36310,1.52844,0.66345,2.19906,3.13247
63626385641730,4,1.358013,1.47064,1.92436,2.63105,1.36310,1.52844,0.66345,2.19906,3.13247
63626385641764,4,1.358013,1.47064,1.92436,2.63105,1.36310,1.52844,0.66345,2.19906,3.13247
63626385641797,4,1.358013,1.47064,1.92436,2.63105,1.36310,1.52844,0.66345,2.19906,3.13247
63626385641813,4,0.2793664,1.59062,1.51707,2.37902,1.10890,1.52704,0.72883,1.76160,2.84798
63626385641846,4,0.2793664,1.59062,1.51707,2.37902,1.10890,1.52704,0.72883,1.76160,2.84798
63626385641863,4,0.2793664,1.59062,1.51707,2.37902,1.10890,1.52704,0.72883,1.76160,2.84798
63626385641896,5,2.853767,1.33346,1.38759,2.42998,1.12963,1.47010,0.81282,1.89534,2.89332
63626385641912,5,2.853767,1.33346,1.38759,2.42998,1.12963,1.47010,0.81282,1.89534,2.89332
63626385641945,5,2.853767,1.33346,1.38759,2.42998,1.12963,1.47010,0.81282,1.89534,2.89332
63626385641978,5,2.853767,1.33346,1.38759,2.42998,1.12963,1.47010,0.81282,1.89534,2.89332
63626385641996,5,1.261269,1.33264,1.46264,2.52527,1.35631,1.48255,0.60626,1.90442,3.10326
63626385642310,5,1.261269,1.33264,1.46264,2.52527,1.35631,1.48255,0.60626,1.90442,3.10326
63626385642327,4,1.189398,1.48911,1.47761,2.05349,1.23228,1.37609,0.61168,1.76670,3.06684
63626385642344,5,1.054665,1.37437,1.70633,1.98944,1.11607,1.34000,0.67561,1.87652,3.08262
63626385642360,5,2.132829,1.34257,1.64440,2.14315,1.35432,1.48194,0.49120,1.90851,2.88429
63626385642376,5,2.132829,1.34257,1.64440,2.14315,1.35432,1.48194,0.49120,1.90851,2.88429
63626385642393,4,1.093979,1.28134,1.50335,1.98591,1.21089,1.34271,0.55231,1.94442,2.92436
63626385642426,4,1.093979,1.28134,1.50335,1.98591,1.21089,1.34271,0.55231,1.94442,2.92436
63626385642476,4,1.093979,1.28134,1.50335,1.98591,1.21089,1.34271,0.55231,1.94442,2.92436
63626385642509,4,0.872866,1.31654,1.53568,2.19743,1.18580,1.25839,0.65838,1.72091,3.03513
63626385642525,4,0.872866,1.31654,1.53568,2.19743,1.18580,1.25839,0.65838,1.72091,3.03513
63626385642559,4,0.872866,1.31654,1.53568,2.19743,1.18580,1.25839,0.65838,1.72091,3.03513
63626385642592,4,0.872866,1.31654,1.53568,2.19743,1.18580,1.25839,0.65838,1.72091,3.03513
63626385642625,5,0.04589984,1.30228,1.54064,2.31284,1.25995,1.18852,0.62574,1.78579,2.90927
63626385642641,5,0.04589984,1.30228,1.54064,2.31284,1.25995,1.18852,0.62574,1.78579,2.90927
63626385642674,5,0.04589984,1.30228,1.54064,2.31284,1.25995,1.18852,0.62574,1.78579,2.90927
63626385642691,4,0.6613361,1.14994,1.45154,2.25365,1.06325,0.99420,0.57164,2.24812,2.95686
63626385642724,4,0.6613361,1.14994,1.45154,2.25365,1.06325,0.99420,0.57164,2.24812,2.95686
63626385642740,4,0.6613361,1.14994,1.45154,2.25365,1.06325,0.99420,0.57164,2.24812,2.95686
63626385642774,4,0.6613361,1.14994,1.45154,2.25365,1.06325,0.99420,0.57164,2.24812,2.95686
63626385642791,4,0.6129948,1.18502,1.19322,2.36703,1.15343,1.01146,0.52360,1.79710,3.10419
63626385642824,4,0.6129948,1.18502,1.19322,2.36703,1.15343,1.01146,0.52360,1.79710,3.10419
63626385642857,4,0.6129948,1.18502,1.19322,2.36703,1.15343,1.01146,0.52360,1.79710,3.10419
63626385642874,4,0.6129948,1.18502,1.19322,2.36703,1.15343,1.01146,0.52360,1.79710,3.10419
63626385642907,4,2.241975,1.24317,1.57272,2.54256,1.62215,1.41311,0.57481,1.76801,2.97332
63626385642923,4,2.241975,1.24317,1.57272,2.54256,1.62215,1.41311,0.57481,1.76801,2.97332
63626385642956,4,2.241975,1.24317,1.57272,2.54256,1.62215,1.41311,0.57481,1.76801,2.97332
63626385642989,4,2.241975,1.24317,1.57272,2.54256,1.62215,1.41311,0.57481,1.76801,2.97332
63626385643006,4,16.1271,1.27861,2.09866,2.49303,1.68917,1.75557,0.69662,2.13783,3.03917
63626385643039,4,16.1271,1.27861,2.09866,2.49303,1.68917,1.75557,0.69662,2.13783,3.03917
63626385643056,4,16.1271,1.27861,2.09866,2.49303,1.68917,1.75557,0.69662,2.13783,3.03917
63626385643090,4,16.1271,1.27861,2.09866,2.49303,1.68917,1.75557,0.69662,2.13783,3.03917
63626385643122,4,21.42265,1.26032,1.67993,2.25991,1.30217,1.67130,0.72116,2.07786,3.22029
63626385643139,4,21.42265,1.26032,1.67993,2.25991,1.30217,1.67130,0.72116,2.07786,3.22029
63626385643172,4,21.42265,1.26032,1.67993,2.25991,1.30217,1.67130,0.72116,2.07786,3.22029
63626385643189,4,6.674032,1.25595,1.67845,2.23107,1.21223,1.60906,0.72601,2.46501,3.06467
63626385643222,4,6.674032,1.25595,1.67845,2.23107,1.21223,1.60906,0.72601,2.46501,3.06467
63626385643238,4,6.674032,1.25595,1.67845,2.23107,1.21223,1.60906,0.72601,2.46501,3.06467
63626385643271,4,6.674032,1.25595,1.67845,2.23107,1.21223,1.60906,0.72601,2.46501,3.06467
63626385643304,4,3.251015,1.30319,1.88631,2.28931,1.37900,1.68234,0.66331,2.51101,3.02186
63626385643321,4,3.251015,1.30319,1.88631,2.28931,1.37900,1.68234,0.66331,2.51101,3.02186
63626385643354,4,3.251015,1.30319,1.88631,2.28931,1.37900,1.68234,0.66331,2.51101,3.02186
63626385643370,4,3.251015,1.30319,1.88631,2.28931,1.37900,1.68234,0.66331,2.51101,3.02186
63626385643404,4,8.032411,1.43157,1.32102,2.14695,1.46112,1.77684,0.59361,2.36279,3.16047
63626385643436,4,8.032411,1.43157,1.32102,2.14695,1.46112,1.77684,0.59361,2.36279,3.16047
63626385643470,4,8.032411,1.43157,1.32102,2.14695,1.46112,1.77684,0.59361,2.36279,3.16047
63626385643486,4,8.032411,1.43157,1.32102,2.14695,1.46112,1.77684,0.59361,2.36279,3.16047
63626385643504,4,6.182257,1.53586,1.19540,1.94901,1.24189,1.57169,0.62488,2.29285,3.13001
63626385643537,4,6.182257,1.53586,1.19540,1.94901,1.24189,1.57169,0.62488,2.29285,3.13001
63626385643554,4,6.182257,1.53586,1.19540,1.94901,1.24189,1.57169,0.62488,2.29285,3.13001
63626385643587,4,6.182257,1.53586,1.19540,1.94901,1.24189,1.57169,0.62488,2.29285,3.13001
63626385643603,5,1.351787,1.44879,1.36426,2.07080,1.17729,1.34318,0.58867,1.82768,2.99768
63626385643636,5,1.351787,1.44879,1.36426,2.07080,1.17729,1.34318,0.58867,1.82768,2.99768
63626385643669,5,1.351787,1.44879,1.36426,2.07080,1.17729,1.34318,0.58867,1.82768,2.99768
63626385643686,5,1.351787,1.44879,1.36426,2.07080,1.17729,1.34318,0.58867,1.82768,2.99768
63626385643718,5,2.344005,1.25126,1.25128,2.08754,1.29610,1.33109,0.49992,1.75849,3.03477
63626385643735,5,2.344005,1.25126,1.25128,2.08754,1.29610,1.33109,0.49992,1.75849,3.03477
63626385643768,5,2.344005,1.25126,1.25128,2.08754,1.29610,1.33109,0.49992,1.75849,3.03477
63626385643801,4,2.717429,1.17876,1.33863,1.98865,1.83129,1.89995,0.58706,2.33644,3.02304
63626385643818,4,2.717429,1.17876,1.33863,1.98865,1.83129,1.89995,0.58706,2.33644,3.02304
63626385643851,4,2.717429,1.17876,1.33863,1.98865,1.83129,1.89995,0.58706,2.33644,3.02304
63626385643868,4,2.717429,1.17876,1.33863,1.98865,1.83129,1.89995,0.58706,2.33644,3.02304
63626385643901,4,18.66087,1.10757,1.68243,2.25434,1.74154,1.92928,0.63420,2.28335,2.95834
63626385643918,4,18.66087,1.10757,1.68243,2.25434,1.74154,1.92928,0.63420,2.28335,2.95834
63626385643951,4,18.66087,1.10757,1.68243,2.25434,1.74154,1.92928,0.63420,2.28335,2.95834
63626385643984,4,18.66087,1.10757,1.68243,2.25434,1.74154,1.92928,0.63420,2.28335,2.95834
63626385644000,4,24.28724,1.10518,1.85376,2.25180,1.30228,1.67738,0.59115,2.14444,2.92103
63626385644033,4,24.28724,1.10518,1.85376,2.25180,1.30228,1.67738,0.59115,2.14444,2.92103
63626385644066,4,24.28724,1.10518,1.85376,2.25180,1.30228,1.67738,0.59115,2.14444,2.92103
63626385644083,4,24.28724,1.10518,1.85376,2.25180,1.30228,1.67738,0.59115,2.14444,2.92103
63626385644100,4,12.8843,1.27773,1.89310,2.21570,1.43764,1.81527,0.64507,2.36844,2.87447
63626385644132,4,12.8843,1.27773,1.89310,2.21570,1.43764,1.81527,0.64507,2.36844,2.87447
63626385644165,4,12.8843,1.27773,1.89310,2.21570,1.43764,1.81527,0.64507,2.36844,2.87447
63626385644182,4,11.39631,1.27773,1.89310,2.21570,1.43764,1.81527,0.64507,2.36844,2.87447
63626385644215,4,11.39631,1.31945,1.74656,2.38543,1.41518,1.95221,0.85743,2.49533,3.06199
63626385644249,4,11.39631,1.31945,1.74656,2.38543,1.41518,1.95221,0.85743,2.49533,3.06199
63626385644265,4,11.39631,1.31945,1.74656,2.38543,1.41518,1.95221,0.85743,2.49533,3.06199
63626385644315,4,8.829371,1.26828,1.51717,2.54440,1.46804,1.96915,0.87263,2.45483,3.11691
63626385644348,4,8.829371,1.26828,1.51717,2.54440,1.46804,1.96915,0.87263,2.45483,3.11691
63626385644365,4,8.829371,1.26828,1.51717,2.54440,1.46804,1.96915,0.87263,2.45483,3.11691
63626385644398,4,12.99048,1.47442,1.58618,2.51659,1.54322,1.83091,0.66473,2.42746,2.91357
63626385644431,4,12.99048,1.47442,1.58618,2.51659,1.54322,1.83091,0.66473,2.42746,2.91357
63626385644464,4,12.99048,1.47442,1.58618,2.51659,1.54322,1.83091,0.66473,2.42746,2.91357
63626385644480,4,12.99048,1.47442,1.58618,2.51659,1.54322,1.83091,0.66473,2.42746,2.91357
63626385644513,4,7.752037,1.68491,1.72281,2.33987,1.62776,1.91096,0.62516,2.47693,2.93567
63626385644530,4,7.752037,1.68491,1.72281,2.33987,1.62776,1.91096,0.62516,2.47693,2.93567
63626385644563,4,7.752037,1.68491,1.72281,2.33987,1.62776,1.91096,0.62516,2.47693,2.93567
63626385644580,4,7.752037,1.68491,1.72281,2.33987,1.62776,1.91096,0.62516,2.47693,2.93567
63626385644614,4,2.71398,1.66304,1.68594,2.29786,1.68324,1.87825,0.56415,2.45063,3.10702
63626385644630,4,2.71398,1.66304,1.68594,2.29786,1.68324,1.87825,0.56415,2.45063,3.10702
63626385644663,4,2.71398,1.66304,1.68594,2.29786,1.68324,1.87825,0.56415,2.45063,3.10702
63626385644679,4,2.71398,1.66304,1.68594,2.29786,1.68324,1.87825,0.56415,2.45063,3.10702
63626385644712,4,5.808039,1.63034,1.42548,2.37204,1.91092,2.22281,0.62880,2.04955,3.00980
63626385644746,4,5.808039,1.63034,1.42548,2.37204,1.91092,2.22281,0.62880,2.04955,3.00980
63626385644762,4,5.808039,1.63034,1.42548,2.37204,1.91092,2.22281,0.62880,2.04955,3.00980
63626385644795,4,16.22312,1.41844,1.47395,2.30374,1.78230,2.09311,0.83731,2.09826,2.98416
63626385644812,4,16.22312,1.41844,1.47395,2.30374,1.78230,2.09311,0.83731,2.09826,2.98416
63626385644845,4,16.22312,1.41844,1.47395,2.30374,1.78230,2.09311,0.83731,2.09826,2.98416
63626385644878,4,16.22312,1.41844,1.47395,2.30374,1.78230,2.09311,0.83731,2.09826,2.98416
63626385644895,4,19.55428,1.16194,1.58999,2.07232,1.24840,1.56118,0.75529,2.63271,3.08141
63626385644928,4,19.55428,1.16194,1.58999,2.07232,1.24840,1.56118,0.75529,2.63271,3.08141
63626385644944,4,19.55428,1.16194,1.58999,2.07232,1.24840,1.56118,0.75529,2.63271,3.08141
63626385644977,4,19.55428,1.16194,1.58999,2.07232,1.24840,1.56118,0.75529,2.63271,3.08141
63626385644994,4,8.458602,1.20626,1.67000,2.25616,1.29310,1.45805,0.62218,2.46233,2.90939
63626385645027,4,8.458602,1.20626,1.67000,2.25616,1.29310,1.45805,0.62218,2.46233,2.90939
63626385645061,4,8.458602,1.20626,1.67000,2.25616,1.29310,1.45805,0.62218,2.46233,2.90939
63626385645077,4,8.458602,1.20626,1.67000,2.25616,1.29310,1.45805,0.62218,2.46233,2.90939
63626385645110,4,8.47383,1.43452,1.61862,2.28002,1.59747,1.35624,0.60241,2.38460,2.85247
63626385645127,4,8.47383,1.43452,1.61862,2.28002,1.59747,1.35624,0.60241,2.38460,2.85247
63626385645160,4,8.47383,1.43452,1.61862,2.28002,1.59747,1.35624,0.60241,2.38460,2.85247
63626385645177,4,8.47383,1.43452,1.61862,2.28002,1.59747,1.35624,0.60241,2.38460,2.85247
63626385645210,4,11.51811,1.63687,1.62784,1.94860,1.57688,1.50162,0.81931,2.51656,3.03386
63626385645242,4,11.51811,1.63687,1.62784,1.94860,1.57688,1.50162,0.81931,2.51656,3.03386
63626385645259,4,11.51811,1.63687,1.62784,1.94860,1.57688,1.50162,0.81931,2.51656,3.03386
63626385645292,4,2.600177,1.89013,1.74099,2.09316,1.66171,1.82435,1.03189,2.35986,3.16868
63626385645309,4,2.600177,1.89013,1.74099,2.09316,1.66171,1.82435,1.03189,2.35986,3.16868
63626385645343,4,2.600177,1.89013,1.74099,2.09316,1.66171,1.82435,1.03189,2.35986,3.16868
63626385645375,4,2.600177,1.89013,1.74099,2.09316,1.66171,1.82435,1.03189,2.35986,3.16868
63626385645392,4,0.8273263,1.89013,1.74099,2.09316,1.66171,1.82435,1.03189,2.35986,3.16868
63626385645426,5,0.8273263,1.84350,1.80216,2.41825,1.58997,1.90068,0.81821,2.18794,3.17034
63626385645442,5,0.8273263,1.84350,1.80216,2.41825,1.58997,1.90068,0.81821,2.18794,3.17034
63626385645475,5,0.8273263,1.84350,1.80216,2.41825,1.58997,1.90068,0.81821,2.18794,3.17034
63626385645491,5,2.056532,1.48487,1.94552,2.32488,1.27227,1.76749,0.67754,2.14906,3.13255
63626385645524,5,2.056532,1.48487,1.94552,2.32488,1.27227,1.76749,0.67754,2.14906,3.13255
63626385645558,5,2.056532,1.48487,1.94552,2.32488,1.27227,1.76749,0.67754,2.14906,3.13255
63626385645574,5,2.056532,1.48487,1.94552,2.32488,1.27227,1.76749,0.67754,2.14906,3.13255
63626385645607,5,2.102298,1.38036,1.77711,2.42055,1.49475,1.76037,0.77209,2.27966,3.02711
63626385645624,5,2.102298,1.38036,1.77711,2.42055,1.49475,1.76037,0.77209,2.27966,3.02711
63626385645656,5,2.102298,1.38036,1.77711,2.42055,1.49475,1.76037,0.77209,2.27966,3.02711
63626385645673,5,2.102298,1.38036,1.77711,2.42055,1.49475,1.76037,0.77209,2.27966,3.02711
63626385645706,4,1.915085,1.65245,1.78943,2.49111,1.70270,1.95573,0.95517,2.53089,2.85839
63626385645740,4,1.915085,1.65245,1.78943,2.49111,1.70270,1.95573,0.95517,2.53089,2.85839
63626385645756,4,1.915085,1.65245,1.78943,2.49111,1.70270,1.95573,0.95517,2.53089,2.85839
63626385645790,4,1.915085,1.65245,1.78943,2.49111,1.70270,1.95573,0.95517,2.53089,2.85839
63626385645806,4,2.803919,1.77411,1.94095,2.29281,1.77398,2.12427,1.01279,2.37323,3.10552
63626385645839,4,2.803919,1.77411,1.94095,2.29281,1.77398,2.12427,1.01279,2.37323,3.10552
63626385645856,4,2.803919,1.77411,1.94095,2.29281,1.77398,2.12427,1.01279,2.37323,3.10552
63626385645889,4,2.803919,1.77411,1.94095,2.29281,1.77398,2.12427,1.01279,2.37323,3.10552
63626385645922,4,2.99696,1.62453,1.69883,2.17431,1.57311,1.94945,0.82693,2.06664,3.19858
63626385645939,4,2.99696,1.62453,1.69883,2.17431,1.57311,1.94945,0.82693,2.06664,3.19858
63626385645972,4,2.99696,1.62453,1.69883,2.17431,1.57311,1.94945,0.82693,2.06664,3.19858
63626385645988,4,2.354735,1.67298,1.83813,2.39891,1.55410,1.92369,0.84859,2.60907,2.96463
63626385646037,4,2.354735,1.67298,1.83813,2.39891,1.55410,1.92369,0.84859,2.60907,2.96463
63626385646054,4,2.354735,1.67298,1.83813,2.39891,1.55410,1.92369,0.84859,2.60907,2.96463
63626385646070,4,2.354735,1.67298,1.83813,2.39891,1.55410,1.92369,0.84859,2.60907,2.96463
63626385646121,4,0.2444838,1.68442,1.83417,2.08209,1.65992,1.86984,0.98892,2.69995,2.98176
63626385646154,4,0.2444838,1.68442,1.83417,2.08209,1.65992,1.86984,0.98892,2.69995,2.98176
63626385646171,4,0.2444838,1.68442,1.83417,2.08209,1.65992,1.86984,0.98892,2.69995,2.98176
63626385646204,4,4.020051,1.67158,1.70471,1.92605,1.55741,1.73357,0.95974,2.43373,2.99750
63626385646237,4,4.020051,1.67158,1.70471,1.92605,1.55741,1.73357,0.95974,2.43373,2.99750
63626385646253,4,4.020051,1.67158,1.70471,1.92605,1.55741,1.73357,0.95974,2.43373,2.99750
63626385646286,4,4.020051,1.67158,1.70471,1.92605,1.55741,1.73357,0.95974,2.43373,2.99750
63626385646303,4,0.4329356,1.76702,1.89751,2.16879,1.62029,1.72758,0.99287,2.18379,3.02898
63626385646336,4,0.4329356,1.76702,1.89751,2.16879,1.62029,1.72758,0.99287,2.18379,3.02898
63626385646369,4,0.4329356,1.76702,1.89751,2.16879,1.62029,1.72758,0.99287,2.18379,3.02898
63626385646385,4,0.1738578,1.76702,1.89751,2.16879,1.62029,1.72758,0.99287,2.18379,3.02898
63626385646418,5,0.1738578,1.78506,1.62379,2.07893,1.54256,1.59462,0.85014,1.88834,3.06729
63626385646435,5,0.1738578,1.78506,1.62379,2.07893,1.54256,1.59462,0.85014,1.88834,3.06729
63626385646468,5,0.1738578,1.78506,1.62379,2.07893,1.54256,1.59462,0.85014,1.88834,3.06729
63626385646501,5,1.880038,1.55764,1.62902,2.18153,1.53096,1.49758,0.63135,2.25213,3.00280
63626385646519,5,1.880038,1.55764,1.62902,2.18153,1.53096,1.49758,0.63135,2.25213,3.00280
63626385646551,5,1.880038,1.55764,1.62902,2.18153,1.53096,1.49758,0.63135,2.25213,3.00280
63626385646585,5,1.880038,1.55764,1.62902,2.18153,1.53096,1.49758,0.63135,2.25213,3.00280
63626385646601,4,1.573156,1.24968,1.80422,2.33628,1.27503,1.43383,0.60349,2.04742,3.03022
63626385646634,4,1.573156,1.24968,1.80422,2.33628,1.27503,1.43383,0.60349,2.04742,3.03022
63626385646650,4,1.573156,1.24968,1.80422,2.33628,1.27503,1.43383,0.60349,2.04742,3.03022
63626385646684,4,1.573156,1.24968,1.80422,2.33628,1.27503,1.43383,0.60349,2.04742,3.03022
63626385646717,4,3.60846,1.52394,1.82553,2.38740,1.26251,1.51089,0.64591,1.62615,3.09744
63626385646733,4,3.60846,1.52394,1.82553,2.38740,1.26251,1.51089,0.64591,1.62615,3.09744
63626385646766,4,3.60846,1.52394,1.82553,2.38740,1.26251,1.51089,0.64591,1.62615,3.09744
63626385646783,4,3.60846,1.52394,1.82553,2.38740,1.26251,1.51089,0.64591,1.62615,3.09744
63626385646816,5,1.091379,1.65597,1.61059,2.22247,1.61567,1.96559,0.68935,1.90606,2.98447
63626385646849,5,1.091379,1.65597,1.61059,2.22247,1.61567,1.96559,0.68935,1.90606,2.98447
63626385646866,5,1.091379,1.65597,1.61059,2.22247,1.61567,1.96559,0.68935,1.90606,2.98447
63626385646899,4,1.355107,1.44524,1.33345,2.12021,1.66751,1.99506,0.71825,2.42058,2.93591
63626385646916,4,1.355107,1.44524,1.33345,2.12021,1.66751,1.99506,0.71825,2.42058,2.93591
63626385646949,4,1.355107,1.44524,1.33345,2.12021,1.66751,1.99506,0.71825,2.42058,2.93591
63626385646965,4,1.355107,1.44524,1.33345,2.12021,1.66751,1.99506,0.71825,2.42058,2.93591
63626385646998,4,8.334446,1.46638,1.36394,2.03544,1.48267,1.76807,0.67827,2.57505,3.02586
63626385647031,4,8.334446,1.46638,1.36394,2.03544,1.48267,1.76807,0.67827,2.57505,3.02586
63626385647048,4,8.334446,1.46638,1.36394,2.03544,1.48267,1.76807,0.67827,2.57505,3.02586
63626385647081,4,8.334446,1.46638,1.36394,2.03544,1.48267,1.76807,0.67827,2.57505,3.02586
63626385647114,4,4.521281,1.42559,1.52320,2.21203,1.23732,1.40053,0.77737,2.29640,3.05187
63626385647130,4,4.521281,1.42559,1.52320,2.21203,1.23732,1.40053,0.77737,2.29640,3.05187
63626385647164,4,4.521281,1.42559,1.52320,2.21203,1.23732,1.40053,0.77737,2.29640,3.05187
63626385647180,4,4.521281,1.42559,1.52320,2.21203,1.23732,1.40053,0.77737,2.29640,3.05187
63626385647213,5,0.5061312,1.35135,1.49528,2.48660,1.36877,1.24353,0.73216,2.13358,3.01930
63626385647231,5,0.5061312,1.35135,1.49528,2.48660,1.36877,1.24353,0.73216,2.13358,3.01930
63626385647264,5,0.5061312,1.35135,1.49528,2.48660,1.36877,1.24353,0.73216,2.13358,3.01930
63626385647297,5,0.5061312,1.35135,1.49528,2.48660,1.36877,1.24353,0.73216,2.13358,3.01930
63626385647313,4,3.418097,1.31372,1.54046,2.48454,1.63175,1.78531,0.72778,2.17142,2.99508
63626385647346,4,3.418097,1.31372,1.54046,2.48454,1.63175,1.78531,0.72778,2.17142,2.99508
63626385647363,4,3.418097,1.31372,1.54046,2.48454,1.63175,1.78531,0.72778,2.17142,2.99508
63626385647396,4,14.1768,1.44024,1.65385,2.45336,1.63628,1.87548,0.87787,2.04955,3.16049
63626385647429,4,14.1768,1.44024,1.65385,2.45336,1.63628,1.87548,0.87787,2.04955,3.16049
63626385647445,4,14.1768,1.44024,1.65385,2.45336,1.63628,1.87548,0.87787,2.04955,3.16049
63626385647479,4,14.1768,1.44024,1.65385,2.45336,1.63628,1.87548,0.87787,2.04955,3.16049
63626385647495,4,12.84133,1.63776,1.40833,2.16707,1.60886,1.70170,0.84186,1.72022,3.14589
63626385647528,4,12.84133,1.63776,1.40833,2.16707,1.60886,1.70170,0.84186,1.72022,3.14589
63626385647545,4,12.84133,1.63776,1.40833,2.16707,1.60886,1.70170,0.84186,1.72022,3.14589
63626385647578,4,12.84133,1.63776,1.40833,2.16707,1.60886,1.70170,0.84186,1.72022,3.14589
63626385647612,4,3.843837,1.56371,1.47121,2.16982,1.46870,1.54432,1.10557,1.61269,2.91871
63626385647629,4,3.843837,1.56371,1.47121,2.16982,1.46870,1.54432,1.10557,1.61269,2.91871
63626385647661,4,3.843837,1.56371,1.47121,2.16982,1.46870,1.54432,1.10557,1.61269,2.91871
63626385647678,4,3.843837,1.56371,1.47121,2.16982,1.46870,1.54432,1.10557,1.61269,2.91871
63626385647711,4,1.199683,1.32138,1.68718,2.40146,1.28375,1.43598,1.01562,1.76452,2.88529
63626385647727,4,1.199683,1.32138,1.68718,2.40146,1.28375,1.43598,1.01562,1.76452,2.88529
63626385647761,4,1.199683,1.32138,1.68718,2.40146,1.28375,1.43598,1.01562,1.76452,2.88529
63626385647794,4,1.199683,1.32138,1.68718,2.40146,1.28375,1.43598,1.01562,1.76452,2.88529
63626385647810,4,3.494583,1.56324,1.59479,1.93700,1.17323,1.42009,0.57178,1.78200,3.01806
63626385647843,4,3.494583,1.56324,1.59479,1.93700,1.17323,1.42009,0.57178,1.78200,3.01806
63626385647860,4,3.494583,1.56324,1.59479,1.93700,1.17323,1.42009,0.57178,1.78200,3.01806
63626385647893,5,2.120054,1.89004,1.56681,1.56464,1.09609,1.29019,0.60960,1.87960,3.21574
63626385647909,5,2.120054,1.89004,1.56681,1.56464,1.09609,1.29019,0.60960,1.87960,3.21574
63626385647943,5,2.120054,1.89004,1.56681,1.56464,1.09609,1.29019,0.60960,1.87960,3.21574
63626385647976,5,2.120054,1.89004,1.56681,1.56464,1.09609,1.29019,0.60960,1.87960,3.21574
63626385647993,5,10.70331,1.71565,1.77749,1.86514,1.11471,1.30465,0.91460,1.92282,3.27754
63626385648026,5,10.70331,1.71565,1.77749,1.86514,1.11471,1.30465,0.91460,1.92282,3.27754
63626385648043,5,10.70331,1.71565,1.77749,1.86514,1.11471,1.30465,0.91460,1.92282,3.27754
63626385648075,5,10.70331,1.71565,1.77749,1.86514,1.11471,1.30465,0.91460,1.92282,3.27754
63626385648108,5,11.42263,1.62448,1.90448,2.15164,1.22760,1.42578,0.88709,1.84394,3.04557
63626385648125,5,11.42263,1.62448,1.90448,2.15164,1.22760,1.42578,0.88709,1.84394,3.04557
63626385648158,5,11.42263,1.62448,1.90448,2.15164,1.22760,1.42578,0.88709,1.84394,3.04557
63626385648191,5,11.42263,1.62448,1.90448,2.15164,1.22760,1.42578,0.88709,1.84394,3.04557
63626385648208,5,8.70007,1.69306,1.74106,2.18263,1.26755,1.49858,0.73772,1.83657,2.93113
63626385648241,5,8.70007,1.69306,1.74106,2.18263,1.26755,1.49858,0.73772,1.83657,2.93113
63626385648257,5,8.70007,1.69306,1.74106,2.18263,1.26755,1.49858,0.73772,1.83657,2.93113
63626385648290,5,12.02063,1.94425,1.50813,2.26794,1.20708,1.72471,0.79963,2.19622,3.08507
63626385648324,5,12.02063,1.94425,1.50813,2.26794,1.20708,1.72471,0.79963,2.19622,3.08507
63626385648341,5,12.02063,1.94425,1.50813,2.26794,1.20708,1.72471,0.79963,2.19622,3.08507
63626385648374,5,12.02063,1.94425,1.50813,2.26794,1.20708,1.72471,0.79963,2.19622,3.08507
63626385648391,5,24.4868,1.91561,1.47809,2.34971,1.31267,1.64903,0.68850,1.83405,3.11994
63626385648424,5,24.4868,1.91561,1.47809,2.34971,1.31267,1.64903,0.68850,1.83405,3.11994
63626385648457,5,24.4868,1.91561,1.47809,2.34971,1.31267,1.64903,0.68850,1.83405,3.11994
63626385648473,5,24.4868,1.91561,1.47809,2.34971,1.31267,1.64903,0.68850,1.83405,3.11994
63626385648506,5,19.11786,1.52853,1.60075,2.36540,1.50918,1.49978,0.61159,1.15465,3.19013
63626385648523,5,19.11786,1.52853,1.60075,2.36540,1.50918,1.49978,0.61159,1.15465,3.19013
63626385648556,5,19.11786,1.52853,1.60075,2.36540,1.50918,1.49978,0.61159,1.15465,3.19013
63626385648572,5,19.11786,1.52853,1.60075,2.36540,1.50918,1.49978,0.61159,1.15465,3.19013
63626385648605,4,0.845265,1.52734,1.34247,1.99859,1.46215,1.63174,0.68075,1.45368,3.05192
63626385648639,4,0.845265,1.52734,1.34247,1.99859,1.46215,1.63174,0.68075,1.45368,3.05192
63626385648655,4,0.845265,1.52734,1.34247,1.99859,1.46215,1.63174,0.68075,1.45368,3.05192
63626385648688,4,0.845265,1.52734,1.34247,1.99859,1.46215,1.63174,0.68075,1.45368,3.05192
63626385648704,4,0.957036,1.55103,1.34830,1.88875,1.37623,1.71634,0.73356,1.77175,2.89444
63626385648738,4,0.957036,1.55103,1.34830,1.88875,1.37623,1.71634,0.73356,1.77175,2.89444
63626385648771,4,0.957036,1.55103,1.34830,1.88875,1.37623,1.71634,0.73356,1.77175,2.89444
63626385648788,5,0.7968138,1.37883,1.62748,2.39568,1.22826,1.37266,0.67944,1.55841,2.88733
63626385648821,5,0.7968138,1.37883,1.62748,2.39568,1.22826,1.37266,0.67944,1.55841,2.88733
63626385648837,5,0.7968138,1.37883,1.62748,2.39568,1.22826,1.37266,0.67944,1.55841,2.88733
63626385648870,5,0.7968138,1.37883,1.62748,2.39568,1.22826,1.37266,0.67944,1.55841,2.88733
63626385648887,5,0.6136967,1.32979,1.39147,2.55005,1.40622,1.51294,0.71539,1.24153,3.03139
63626385648920,5,0.6136967,1.32979,1.39147,2.55005,1.40622,1.51294,0.71539,1.24153,3.03139
63626385648953,5,0.6136967,1.32979,1.39147,2.55005,1.40622,1.51294,0.71539,1.24153,3.03139
63626385648970,5,0.6136967,1.32979,1.39147,2.55005,1.40622,1.51294,0.71539,1.24153,3.03139
63626385649003,4,1.611438,1.35286,1.51660,2.34168,1.48024,1.46382,0.78898,1.06960,3.06373
63626385649036,4,1.611438,1.35286,1.51660,2.34168,1.48024,1.46382,0.78898,1.06960,3.06373
63626385649052,4,1.611438,1.35286,1.51660,2.34168,1.48024,1.46382,0.78898,1.06960,3.06373
63626385649086,4,1.611438,1.35286,1.51660,2.34168,1.48024,1.46382,0.78898,1.06960,3.06373
63626385649102,4,4.037965,1.31691,1.74542,2.16031,1.12966,1.10398,0.72482,1.00625,2.82700
63626385649136,4,4.037965,1.31691,1.74542,2.16031,1.12966,1.10398,0.72482,1.00625,2.82700
63626385649170,4,4.037965,1.31691,1.74542,2.16031,1.12966,1.10398,0.72482,1.00625,2.82700
63626385649186,5,0.4979461,1.27117,1.52284,2.38768,1.09804,1.10466,0.73382,1.12316,2.66527
63626385649219,5,0.4979461,1.27117,1.52284,2.38768,1.09804,1.10466,0.73382,1.12316,2.66527
63626385649235,5,0.4979461,1.27117,1.52284,2.38768,1.09804,1.10466,0.73382,1.12316,2.66527
63626385649268,5,0.4979461,1.27117,1.52284,2.38768,1.09804,1.10466,0.73382,1.12316,2.66527
63626385649301,5,0.7701651,1.29995,1.38776,2.21064,1.04454,0.70732,0.63447,1.02214,2.72837
63626385649318,5,0.7701651,1.29995,1.38776,2.21064,1.04454,0.70732,0.63447,1.02214,2.72837
63626385649351,5,0.7701651,1.29995,1.38776,2.21064,1.04454,0.70732,0.63447,1.02214,2.72837
63626385649368,5,0.7701651,1.29995,1.38776,2.21064,1.04454,0.70732,0.63447,1.02214,2.72837
63626385649401,5,3.129844,1.23251,1.32017,1.45544,0.98536,0.92679,0.60494,0.74394,2.93125
63626385649417,5,3.129844,1.23251,1.32017,1.45544,0.98536,0.92679,0.60494,0.74394,2.93125
63626385649450,5,3.129844,1.23251,1.32017,1.45544,0.98536,0.92679,0.60494,0.74394,2.93125
63626385649484,5,3.129844,1.23251,1.32017,1.45544,0.98536,0.92679,0.60494,0.74394,2.93125
63626385649501,5,3.908908,1.12097,1.29824,1.57481,1.04348,1.24582,0.62671,0.73530,2.89365
63626385649534,5,3.908908,1.12097,1.29824,1.57481,1.04348,1.24582,0.62671,0.73530,2.89365
63626385649550,5,3.908908,1.12097,1.29824,1.57481,1.04348,1.24582,0.62671,0.73530,2.89365
63626385649584,5,3.908908,1.12097,1.29824,1.57481,1.04348,1.24582,0.62671,0.73530,2.89365
63626385649616,4,0.380108,1.28284,1.33101,2.05760,1.02935,1.31915,0.63139,1.20608,2.88478
63626385649633,4,0.380108,1.28284,1.33101,2.05760,1.02935,1.31915,0.63139,1.20608,2.88478
63626385649666,4,0.380108,1.28284,1.33101,2.05760,1.02935,1.31915,0.63139,1.20608,2.88478
63626385649683,4,0.380108,1.28284,1.33101,2.05760,1.02935,1.31915,0.63139,1.20608,2.88478
63626385649715,5,3.08381,1.64693,1.33175,2.00628,0.90839,1.27658,0.56841,1.65933,2.88592
63626385649748,5,3.08381,1.64693,1.33175,2.00628,0.90839,1.27658,0.56841,1.65933,2.88592
63626385649765,5,3.08381,1.64693,1.33175,2.00628,0.90839,1.27658,0.56841,1.65933,2.88592
63626385649798,5,19.63319,1.68804,1.49763,2.05651,1.05863,1.16367,0.48419,1.39630,2.86147
63626385649814,5,19.63319,1.68804,1.49763,2.05651,1.05863,1.16367,0.48419,1.39630,2.86147
63626385649847,5,19.63319,1.68804,1.49763,2.05651,1.05863,1.16367,0.48419,1.39630,2.86147
63626385649881,5,19.63319,1.68804,1.49763,2.05651,1.05863,1.16367,0.48419,1.39630,2.86147
63626385649898,5,20.17621,1.42489,1.50325,2.01271,1.02758,0.99225,0.51535,0.97801,2.80039
63626385649931,5,20.17621,1.42489,1.50325,2.01271,1.02758,0.99225,0.51535,0.97801,2.80039
63626385649948,5,20.17621,1.42489,1.50325,2.01271,1.02758,0.99225,0.51535,0.97801,2.80039
63626385649981,5,20.17621,1.42489,1.50325,2.01271,1.02758,0.99225,0.51535,0.97801,2.80039
63626385650014,5,10.89267,1.31710,1.20700,1.55033,1.01666,1.23791,0.62549,1.19100,2.80627
63626385650030,5,10.89267,1.31710,1.20700,1.55033,1.01666,1.23791,0.62549,1.19100,2.80627
63626385650063,5,10.89267,1.31710,1.20700,1.55033,1.01666,1.23791,0.62549,1.19100,2.80627
63626385650096,5,10.89267,1.31710,1.20700,1.55033,1.01666,1.23791,0.62549,1.19100,2.80627
63626385650113,5,7.017945,1.32602,1.37227,1.95240,1.14504,1.41828,0.62150,1.33446,2.94311
63626385650129,5,7.017945,1.32602,1.37227,1.95240,1.14504,1.41828,0.62150,1.33446,2.94311
63626385650162,5,7.017945,1.32602,1.37227,1.95240,1.14504,1.41828,0.62150,1.33446,2.94311
63626385650195,5,2.239418,1.41333,1.70082,2.56035,1.20311,1.07963,0.57496,1.58128,2.89144
63626385650213,5,2.239418,1.41333,1.70082,2.56035,1.20311,1.07963,0.57496,1.58128,2.89144
63626385650246,5,2.239418,1.41333,1.70082,2.56035,1.20311,1.07963,0.57496,1.58128,2.89144
63626385650263,5,2.239418,1.41333,1.70082,2.56035,1.20311,1.07963,0.57496,1.58128,2.89144
63626385650296,5,3.408917,1.59967,1.66917,2.16986,1.21507,1.04880,0.77421,1.53161,2.87247
63626385650329,5,3.408917,1.59967,1.66917,2.16986,1.21507,1.04880,0.77421,1.53161,2.87247
63626385650345,5,3.408917,1.59967,1.66917,2.16986,1.21507,1.04880,0.77421,1.53161,2.87247
63626385650378,5,3.408917,1.59967,1.66917,2.16986,1.21507,1.04880,0.77421,1.53161,2.87247
63626385650411,5,10.38408,1.49850,1.39885,1.85341,1.07578,1.06875,0.80313,1.43842,2.91759
63626385650428,5,10.38408,1.49850,1.39885,1.85341,1.07578,1.06875,0.80313,1.43842,2.91759
63626385650444,5,10.38408,1.49850,1.39885,1.85341,1.07578,1.06875,0.80313,1.43842,2.91759
63626385650477,5,10.38408,1.49850,1.39885,1.85341,1.07578,1.06875,0.80313,1.43842,2.91759
63626385650510,5,11.90878,1.12246,1.09543,1.89006,0.96500,1.20739,0.62155,1.48065,2.92839
63626385650527,5,11.90878,1.12246,1.09543,1.89006,0.96500,1.20739,0.62155,1.48065,2.92839
63626385650560,5,11.90878,1.12246,1.09543,1.89006,0.96500,1.20739,0.62155,1.48065,2.92839
63626385650576,5,11.90878,1.12246,1.09543,1.89006,0.96500,1.20739,0.62155,1.48065,2.92839
63626385650611,5,1.29844,0.99883,1.05923,1.45136,0.78985,1.09173,0.49684,1.13955,2.94149
63626385650627,5,1.29844,0.99883,1.05923,1.45136,0.78985,1.09173,0.49684,1.13955,2.94149
63626385650660,5,1.29844,0.99883,1.05923,1.45136,0.78985,1.09173,0.49684,1.13955,2.94149
63626385650677,5,1.29844,0.99883,1.05923,1.45136,0.78985,1.09173,0.49684,1.13955,2.94149
63626385650709,5,3.359172,1.14359,1.40656,1.36232,0.98133,1.06541,0.53810,1.00283,2.82229
63626385650743,5,3.359172,1.14359,1.40656,1.36232,0.98133,1.06541,0.53810,1.00283,2.82229
63626385650759,5,3.359172,1.14359,1.40656,1.36232,0.98133,1.06541,0.53810,1.00283,2.82229
63626385650792,5,1.49028,1.35732,1.48353,1.64588,1.21960,1.23817,0.55784,0.97872,2.76190
63626385650809,5,1.49028,1.35732,1.48353,1.64588,1.21960,1.23817,0.55784,0.97872,2.76190
63626385650842,5,1.49028,1.35732,1.48353,1.64588,1.21960,1.23817,0.55784,0.97872,2.76190
63626385650875,5,1.49028,1.35732,1.48353,1.64588,1.21960,1.23817,0.55784,0.97872,2.76190
63626385650891,5,0.5089267,1.48445,1.34322,2.09420,1.15104,1.26299,0.53322,1.12687,2.89403
63626385650925,5,0.5089267,1.48445,1.34322,2.09420,1.15104,1.26299,0.53322,1.12687,2.89403
63626385650941,5,0.5089267,1.48445,1.34322,2.09420,1.15104,1.26299,0.53322,1.12687,2.89403
63626385650974,5,0.5089267,1.48445,1.34322,2.09420,1.15104,1.26299,0.53322,1.12687,2.89403
63626385651008,5,8.336131,1.54739,1.32127,2.38165,1.23280,1.44428,0.56999,1.44409,2.98584
63626385651025,5,8.336131,1.54739,1.32127,2.38165,1.23280,1.44428,0.56999,1.44409,2.98584
63626385651058,5,8.336131,1.54739,1.32127,2.38165,1.23280,1.44428,0.56999,1.44409,2.98584
63626385651074,5,8.336131,1.54739,1.32127,2.38165,1.23280,1.44428,0.56999,1.44409,2.98584
63626385651108,5,7.583605,1.76648,1.54913,2.26644,1.08121,1.40570,0.58619,1.48820,2.86885
63626385651140,5,7.583605,1.76648,1.54913,2.26644,1.08121,1.40570,0.58619,1.48820,2.86885
63626385651157,5,7.583605,1.76648,1.54913,2.26644,1.08121,1.40570,0.58619,1.48820,2.86885
63626385651190,5,7.583605,1.76648,1.54913,2.26644,1.08121,1.40570,0.58619,1.48820,2.86885
63626385651223,5,22.41084,1.80145,1.72793,2.16648,1.01575,1.16619,0.75510,1.45425,2.83694
63626385651239,5,22.41084,1.80145,1.72793,2.16648,1.01575,1.16619,0.75510,1.45425,2.83694
63626385651256,5,22.41084,1.80145,1.72793,2.16648,1.01575,1.16619,0.75510,1.45425,2.83694
63626385651289,5,26.42839,1.43626,1.51053,2.04246,1.35776,1.42727,0.76176,1.62662,2.88110
63626385651323,5,26.42839,1.43626,1.51053,2.04246,1.35776,1.42727,0.76176,1.62662,2.88110
63626385651340,5,26.42839,1.43626,1.51053,2.04246,1.35776,1.42727,0.76176,1.62662,2.88110
63626385651373,5,26.42839,1.43626,1.51053,2.04246,1.35776,1.42727,0.76176,1.62662,2.88110
63626385651389,4,0.3720329,1.22641,1.37119,2.14425,1.33917,1.40904,0.64660,1.84556,2.86586
63626385651422,4,0.3720329,1.22641,1.37119,2.14425,1.33917,1.40904,0.64660,1.84556,2.86586
63626385651439,4,0.3720329,1.22641,1.37119,2.14425,1.33917,1.40904,0.64660,1.84556,2.86586
63626385651472,4,0.3720329,1.22641,1.37119,2.14425,1.33917,1.40904,0.64660,1.84556,2.86586
63626385651505,4,3.804034,1.44090,1.40378,2.16850,1.12258,1.25847,0.73139,1.86469,3.09540
63626385651521,4,3.804034,1.44090,1.40378,2.16850,1.12258,1.25847,0.73139,1.86469,3.09540
63626385651554,4,3.804034,1.44090,1.40378,2.16850,1.12258,1.25847,0.73139,1.86469,3.09540
63626385651571,4,3.804034,1.44090,1.40378,2.16850,1.12258,1.25847,0.73139,1.86469,3.09540
63626385651604,5,3.093124,1.45482,1.58955,2.08611,1.08427,1.56868,0.80784,2.19562,3.22917
63626385651637,5,3.093124,1.45482,1.58955,2.08611,1.08427,1.56868,0.80784,2.19562,3.22917
63626385651653,5,3.093124,1.45482,1.58955,2.08611,1.08427,1.56868,0.80784,2.19562,3.22917
63626385651687,5,3.093124,1.45482,1.58955,2.08611,1.08427,1.56868,0.80784,2.19562,3.22917
63626385651704,5,5.893173,1.37177,1.57264,2.09097,1.00692,1.49364,0.78198,2.16329,3.11995
63626385651737,5,5.893173,1.37177,1.57264,2.09097,1.00692,1.49364,0.78198,2.16329,3.11995
63626385651770,5,5.893173,1.37177,1.57264,2.09097,1.00692,1.49364,0.78198,2.16329,3.11995
63626385651787,5,7.675381,1.44023,1.55385,2.13602,1.22893,1.39900,0.68709,1.96619,3.24394
63626385651820,5,7.675381,1.44023,1.55385,2.13602,1.22893,1.39900,0.68709,1.96619,3.24394
63626385651836,5,7.675381,1.44023,1.55385,2.13602,1.22893,1.39900,0.68709,1.96619,3.24394
63626385651869,5,7.675381,1.44023,1.55385,2.13602,1.22893,1.39900,0.68709,1.96619,3.24394
63626385651902,5,3.451735,1.58856,1.71896,2.35180,1.62704,1.53304,0.64648,2.12509,3.22454
63626385651919,5,3.451735,1.58856,1.71896,2.35180,1.62704,1.53304,0.64648,2.12509,3.22454
63626385651952,5,3.451735,1.58856,1.71896,2.35180,1.62704,1.53304,0.64648,2.12509,3.22454
63626385651969,5,3.451735,1.58856,1.71896,2.35180,1.62704,1.53304,0.64648,2.12509,3.22454
63626385652001,4,1.307858,1.54510,1.49934,2.52724,1.60331,1.58876,0.67567,2.23050,3.22162
63626385652018,4,1.307858,1.54510,1.49934,2.52724,1.60331,1.58876,0.67567,2.23050,3.22162
63626385652051,4,1.307858,1.54510,1.49934,2.52724,1.60331,1.58876,0.67567,2.23050,3.22162
63626385652068,4,1.307858,1.54510,1.49934,2.52724,1.60331,1.58876,0.67567,2.23050,3.22162
63626385652102,4,2.931303,1.24061,1.27472,2.30168,1.25195,1.27037,0.58582,2.65770,3.02126
63626385652135,4,2.931303,1.24061,1.27472,2.30168,1.25195,1.27037,0.58582,2.65770,3.02126
63626385652151,4,2.931303,1.24061,1.27472,2.30168,1.25195,1.27037,0.58582,2.65770,3.02126
63626385652184,4,2.931303,1.24061,1.27472,2.30168,1.25195,1.27037,0.58582,2.65770,3.02126
63626385652201,4,3.272378,1.05599,1.50941,2.09951,0.95308,1.42569,0.55243,2.59064,2.92027
63626385652234,4,3.272378,1.05599,1.50941,2.09951,0.95308,1.42569,0.55243,2.59064,2.92027
63626385652267,4,3.272378,1.05599,1.50941,2.09951,0.95308,1.42569,0.55243,2.59064,2.92027
63626385652283,4,3.272378,1.05599,1.50941,2.09951,0.95308,1.42569,0.55243,2.59064,2.92027
63626385652317,4,0.7069796,1.18190,1.52451,1.91361,0.83400,1.48354,0.63853,2.39508,3.11300
63626385652333,4,0.7069796,1.18190,1.52451,1.91361,0.83400,1.48354,0.63853,2.39508,3.11300
63626385652366,4,0.7069796,1.18190,1.52451,1.91361,0.83400,1.48354,0.63853,2.39508,3.11300
63626385652383,5,1.78316,1.12947,1.51351,1.64889,0.96982,1.23477,0.74306,2.41705,2.95574
63626385652416,5,1.78316,1.12947,1.51351,1.64889,0.96982,1.23477,0.74306,2.41705,2.95574
63626385652449,5,1.78316,1.12947,1.51351,1.64889,0.96982,1.23477,0.74306,2.41705,2.95574
63626385652466,5,1.78316,1.12947,1.51351,1.64889,0.96982,1.23477,0.74306,2.41705,2.95574
63626385652499,5,0.5543748,1.07813,1.49089,1.53460,1.19357,1.61201,0.79986,2.78982,2.97279
63626385652516,5,0.5543748,1.07813,1.49089,1.53460,1.19357,1.61201,0.79986,2.78982,2.97279
63626385652548,5,0.5543748,1.07813,1.49089,1.53460,1.19357,1.61201,0.79986,2.78982,2.97279
63626385652565,5,0.5543748,1.07813,1.49089,1.53460,1.19357,1.61201,0.79986,2.78982,2.97279
63626385652598,4,1.923539,1.15058,1.40709,1.99439,0.93668,1.38312,0.76272,2.84518,2.90841
63626385652631,4,1.923539,1.15058,1.40709,1.99439,0.93668,1.38312,0.76272,2.84518,2.90841
63626385652648,4,1.923539,1.15058,1.40709,1.99439,0.93668,1.38312,0.76272,2.84518,2.90841
63626385652681,4,1.923539,1.15058,1.40709,1.99439,0.93668,1.38312,0.76272,2.84518,2.90841
63626385652697,5,0.7111973,1.01746,1.44803,2.39144,0.97688,1.34307,0.76377,2.80335,2.94091
63626385652730,5,0.7111973,1.01746,1.44803,2.39144,0.97688,1.34307,0.76377,2.80335,2.94091
63626385652763,5,0.7111973,1.01746,1.44803,2.39144,0.97688,1.34307,0.76377,2.80335,2.94091
63626385652780,5,0.7111973,1.01746,1.44803,2.39144,0.97688,1.34307,0.76377,2.80335,2.94091
63626385652814,4,0.6753807,1.01128,1.42403,1.97545,1.13507,1.31998,0.69002,2.57474,3.03791
63626385652831,4,0.6753807,1.01128,1.42403,1.97545,1.13507,1.31998,0.69002,2.57474,3.03791
63626385652863,4,0.6753807,1.01128,1.42403,1.97545,1.13507,1.31998,0.69002,2.57474,3.03791
63626385652880,4,3.980664,1.11809,1.21887,2.02243,1.06098,1.21239,0.63770,2.35143,3.00040
63626385652913,4,3.980664,1.11809,1.21887,2.02243,1.06098,1.21239,0.63770,2.35143,3.00040
63626385652946,4,3.980664,1.11809,1.21887,2.02243,1.06098,1.21239,0.63770,2.35143,3.00040
63626385652963,4,3.980664,1.11809,1.21887,2.02243,1.06098,1.21239,0.63770,2.35143,3.00040
63626385652996,4,1.629487,1.06069,1.14430,2.37090,1.07689,1.47530,0.69976,2.43727,3.01176
63626385653029,4,1.629487,1.06069,1.14430,2.37090,1.07689,1.47530,0.69976,2.43727,3.01176
63626385653046,4,1.629487,1.06069,1.14430,2.37090,1.07689,1.47530,0.69976,2.43727,3.01176
63626385653078,4,1.629487,1.06069,1.14430,2.37090,1.07689,1.47530,0.69976,2.43727,3.01176
63626385653095,4,4.518229,1.09904,1.43015,2.09898,0.88107,1.28465,0.73581,2.58949,3.08075
63626385653128,4,4.518229,1.09904,1.43015,2.09898,0.88107,1.28465,0.73581,2.58949,3.08075
63626385653145,4,4.518229,1.09904,1.43015,2.09898,0.88107,1.28465,0.73581,2.58949,3.08075
63626385653177,4,4.518229,1.09904,1.43015,2.09898,0.88107,1.28465,0.73581,2.58949,3.08075
63626385653211,5,0.7437605,1.42398,1.31466,2.07637,0.79034,1.14574,0.82426,2.81453,3.22189
63626385653228,5,0.7437605,1.42398,1.31466,2.07637,0.79034,1.14574,0.82426,2.81453,3.22189
63626385653261,5,0.7437605,1.42398,1.31466,2.07637,0.79034,1.14574,0.82426,2.81453,3.22189
63626385653278,5,0.7437605,1.42398,1.31466,2.07637,0.79034,1.14574,0.82426,2.81453,3.22189
63626385653311,5,8.138176,1.39271,1.28443,2.34064,0.87732,1.22236,0.77771,2.56472,3.12384
63626385653328,5,8.138176,1.39271,1.28443,2.34064,0.87732,1.22236,0.77771,2.56472,3.12384
63626385653360,5,8.138176,1.39271,1.28443,2.34064,0.87732,1.22236,0.77771,2.56472,3.12384
63626385653393,5,9.36928,1.10728,1.40375,2.39634,0.83597,1.16574,0.54204,2.08898,3.10318
63626385653410,5,9.36928,1.10728,1.40375,2.39634,0.83597,1.16574,0.54204,2.08898,3.10318
63626385653443,5,9.36928,1.10728,1.40375,2.39634,0.83597,1.16574,0.54204,2.08898,3.10318
63626385653459,5,9.36928,1.10728,1.40375,2.39634,0.83597,1.16574,0.54204,2.08898,3.10318
63626385653493,5,4.681808,0.91251,1.21581,1.72513,0.60070,0.74073,0.56274,1.34485,3.08450
63626385653525,5,4.681808,0.91251,1.21581,1.72513,0.60070,0.74073,0.56274,1.34485,3.08450
63626385653542,5,4.681808,0.91251,1.21581,1.72513,0.60070,0.74073,0.56274,1.34485,3.08450
63626385653576,5,4.681808,0.91251,1.21581,1.72513,0.60070,0.74073,0.56274,1.34485,3.08450
63626385653593,5,6.500504,0.51595,0.84613,0.87613,0.52820,0.38951,0.61501,0.60127,3.06161
63626385653626,5,6.500504,0.51595,0.84613,0.87613,0.52820,0.38951,0.61501,0.60127,3.06161
63626385653659,5,6.500504,0.51595,0.84613,0.87613,0.52820,0.38951,0.61501,0.60127,3.06161
63626385653675,5,6.500504,0.51595,0.84613,0.87613,0.52820,0.38951,0.61501,0.60127,3.06161
63626385653708,0,6.500504,0.17632,0.37223,0.43072,0.46502,0.22370,0.36024,0.19267,3.10396
63626385653725,0,6.500504,0.17632,0.37223,0.43072,0.46502,0.22370,0.36024,0.19267,3.10396
63626385653758,0,6.500504,0.17632,0.37223,0.43072,0.46502,0.22370,0.36024,0.19267,3.10396
63626385653775,0,6.500504,0.17632,0.37223,0.43072,0.46502,0.22370,0.36024,0.19267,3.10396
63626385653807,0,6.500504,0.21462,0.14109,0.15624,0.29433,0.12865,0.14715,0.10361,3.11802
63626385653841,0,6.500504,0.21462,0.14109,0.15624,0.29433,0.12865,0.14715,0.10361,3.11802
63626385653857,0,6.500504,0.21462,0.14109,0.15624,0.29433,0.12865,0.14715,0.10361,3.11802
63626385653890,0,6.500504,0.21462,0.14109,0.15624,0.29433,0.12865,0.14715,0.10361,3.11802
63626385653906,0,6.500504,0.54404,0.17316,0.10410,0.29818,0.26079,0.28863,0.11289,2.81105
63626385653940,0,6.500504,0.54404,0.17316,0.10410,0.29818,0.26079,0.28863,0.11289,2.81105
63626385653974,0,6.500504,0.54404,0.17316,0.10410,0.29818,0.26079,0.28863,0.11289,2.81105
63626385653990,0,6.500504,0.76308,0.28969,0.07841,0.26941,0.37790,0.38530,0.17678,3.18977
63626385654023,0,6.500504,0.76308,0.28969,0.07841,0.26941,0.37790,0.38530,0.17678,3.18977
63626385654040,0,6.500504,0.76308,0.28969,0.07841,0.26941,0.37790,0.38530,0.17678,3.18977
63626385654073,0,6.500504,0.76308,0.28969,0.07841,0.26941,0.37790,0.38530,0.17678,3.18977
63626385654114,0,6.500504,0.64486,0.33801,0.08405,0.21627,0.28943,0.28125,0.27768,3.76463
63626385654130,0,6.500504,0.64486,0.33801,0.08405,0.21627,0.28943,0.28125,0.27768,3.76463
63626385654147,0,6.500504,0.64486,0.33801,0.08405,0.21627,0.28943,0.28125,0.27768,3.76463
63626385654180,0,6.500504,0.64486,0.33801,0.08405,0.21627,0.28943,0.28125,0.27768,3.76463
63626385654213,0,6.500504,0.73715,0.49005,0.09445,0.20292,0.17662,0.18711,0.30723,4.10039
63626385654230,0,6.500504,0.73715,0.49005,0.09445,0.20292,0.17662,0.18711,0.30723,4.10039
63626385654264,0,6.500504,0.73715,0.49005,0.09445,0.20292,0.17662,0.18711,0.30723,4.10039
63626385654279,0,6.500504,0.73715,0.49005,0.09445,0.20292,0.17662,0.18711,0.30723,4.10039
63626385654313,0,6.500504,0.89282,0.52947,0.10288,0.18046,0.13747,0.13974,0.25048,4.65527
63626385654330,0,6.500504,0.89282,0.52947,0.10288,0.18046,0.13747,0.13974,0.25048,4.65527
63626385654363,0,6.500504,0.89282,0.52947,0.10288,0.18046,0.13747,0.13974,0.25048,4.65527
63626385654396,0,6.500504,0.69754,0.41139,0.08943,0.13847,0.13480,0.12519,0.20650,3.49330
63626385654412,0,6.500504,0.69754,0.41139,0.08943,0.13847,0.13480,0.12519,0.20650,3.49330
63626385654445,0,6.500504,0.69754,0.41139,0.08943,0.13847,0.13480,0.12519,0.20650,3.49330
63626385654462,0,6.500504,0.69754,0.41139,0.08943,0.13847,0.13480,0.12519,0.20650,3.49330
63626385654495,0,6.500504,0.61485,0.36690,0.07441,0.15302,0.15466,0.11729,0.17071,2.65483
63626385654512,0,6.500504,0.61485,0.36690,0.07441,0.15302,0.15466,0.11729,0.17071,2.65483
63626385654545,0,6.500504,0.61485,0.36690,0.07441,0.15302,0.15466,0.11729,0.17071,2.65483
63626385654578,0,6.500504,0.61485,0.36690,0.07441,0.15302,0.15466,0.11729,0.17071,2.65483
63626385654611,0,6.500504,0.73220,0.30740,0.15385,0.19666,0.13072,0.09938,0.12298,2.47604
63626385654628,0,6.500504,0.73220,0.30740,0.15385,0.19666,0.13072,0.09938,0.12298,2.47604
63626385654645,0,6.500504,0.73220,0.30740,0.15385,0.19666,0.13072,0.09938,0.12298,2.47604
63626385654678,0,6.500504,0.73220,0.30740,0.15385,0.19666,0.13072,0.09938,0.12298,2.47604
63626385654711,0,6.500504,0.73616,0.25176,0.18905,0.15694,0.15726,0.08903,0.09052,1.17628
63626385654727,0,6.500504,0.73616,0.25176,0.18905,0.15694,0.15726,0.08903,0.09052,1.17628
63626385654760,0,6.500504,0.73616,0.25176,0.18905,0.15694,0.15726,0.08903,0.09052,1.17628
63626385654777,0,6.500504,0.73616,0.25176,0.18905,0.15694,0.15726,0.08903,0.09052,1.17628
63626385654810,0,6.500504,0.66182,0.25553,0.26195,0.15506,0.33781,0.11757,0.08449,0.38707
63626385654826,0,6.500504,0.66182,0.25553,0.26195,0.15506,0.33781,0.11757,0.08449,0.38707
63626385654859,0,6.500504,0.66182,0.25553,0.26195,0.15506,0.33781,0.11757,0.08449,0.38707
63626385654893,0,6.500504,0.66182,0.25553,0.26195,0.15506,0.33781,0.11757,0.08449,0.38707
