63626385720237,0,6.921171,0.25428,0.13060,0.06373,0.02541,0.02945,0.04861,0.12858,2.88331
63626385720348,0,6.921171,0.29900,0.12226,0.03404,0.02263,0.02627,0.03222,0.07869,2.11343
63626385720366,0,6.921171,0.29900,0.12226,0.03404,0.02263,0.02627,0.03222,0.07869,2.11343
63626385720398,0,6.921171,0.35119,0.09707,0.02739,0.02624,0.03205,0.04638,0.07278,1.61557
63626385720431,0,6.921171,0.35119,0.09707,0.02739,0.02624,0.03205,0.04638,0.07278,1.61557
63626385720448,0,6.921171,0.35119,0.09707,0.02739,0.02624,0.03205,0.04638,0.07278,1.61557
63626385720481,0,6.921171,0.35119,0.09707,0.02739,0.02624,0.03205,0.04638,0.07278,1.61557
63626385720513,0,6.921171,0.26011,0.07776,0.02378,0.02505,0.03374,0.05009,0.05516,1.31494
63626385720531,0,6.921171,0.26011,0.07776,0.02378,0.02505,0.03374,0.05009,0.05516,1.31494
63626385720547,0,6.921171,0.26011,0.07776,0.02378,0.02505,0.03374,0.05009,0.05516,1.31494
63626385720580,0,6.921171,0.26011,0.07776,0.02378,0.02505,0.03374,0.05009,0.05516,1.31494
63626385720613,0,6.921171,0.21420,0.10241,0.02330,0.02088,0.02267,0.03743,0.05081,1.93836
63626385720647,0,6.921171,0.21420,0.10241,0.02330,0.02088,0.02267,0.03743,0.05081,1.93836
63626385720662,0,6.921171,0.21420,0.10241,0.02330,0.02088,0.02267,0.03743,0.05081,1.93836
63626385720695,0,6.921171,0.26214,0.11031,0.02350,0.02630,0.01653,0.02905,0.04585,2.96063
63626385720713,0,6.921171,0.26214,0.11031,0.02350,0.02630,0.01653,0.02905,0.04585,2.96063
63626385720746,0,6.921171,0.26214,0.11031,0.02350,0.02630,0.01653,0.02905,0.04585,2.96063
63626385720762,0,6.921171,0.26214,0.11031,0.02350,0.02630,0.01653,0.02905,0.04585,2.96063
63626385720812,0,6.921171,0.32339,0.10892,0.02705,0.03153,0.02695,0.03210,0.05158,3.07207
63626385720845,0,6.921171,0.32339,0.10892,0.02705,0.03153,0.02695,0.03210,0.05158,3.07207
63626385720878,0,6.921171,0.32339,0.10892,0.02705,0.03153,0.02695,0.03210,0.05158,3.07207
63626385720895,0,6.921171,0.53749,0.17470,0.04346,0.04203,0.03720,0.05317,0.06761,2.52171
63626385720928,0,6.921171,0.53749,0.17470,0.04346,0.04203,0.03720,0.05317,0.06761,2.52171
63626385720944,0,6.921171,0.53749,0.17470,0.04346,0.04203,0.03720,0.05317,0.06761,2.52171
63626385720977,0,6.921171,0.53749,0.17470,0.04346,0.04203,0.03720,0.05317,0.06761,2.52171
63626385721011,0,6.921171,1.53449,0.55740,0.14215,0.07266,0.05768,0.08764,0.12580,2.75321
63626385721027,0,6.921171,1.53449,0.55740,0.14215,0.07266,0.05768,0.08764,0.12580,2.75321
63626385721061,0,6.921171,1.53449,0.55740,0.14215,0.07266,0.05768,0.08764,0.12580,2.75321
63626385721077,0,6.921171,2.25171,1.34447,0.35678,0.13389,0.10241,0.17604,0.31837,4.15080
63626385721110,0,6.921171,2.25171,1.34447,0.35678,0.13389,0.10241,0.17604,0.31837,4.15080
63626385721144,0,6.921171,2.25171,1.34447,0.35678,0.13389,0.10241,0.17604,0.31837,4.15080
63626385721160,0,6.921171,2.25171,1.34447,0.35678,0.13389,0.10241,0.17604,0.31837,4.15080
63626385721193,0,6.921171,2.54630,2.67546,0.72496,0.22036,0.14518,0.24059,0.50344,4.48362
63626385721210,0,6.921171,2.54630,2.67546,0.72496,0.22036,0.14518,0.24059,0.50344,4.48362
63626385721243,0,6.921171,2.54630,2.67546,0.72496,0.22036,0.14518,0.24059,0.50344,4.48362
63626385721260,0,6.921171,2.54630,2.67546,0.72496,0.22036,0.14518,0.24059,0.50344,4.48362
63626385721292,7,14,2.85474,3.37528,0.84105,0.26196,0.19099,0.33926,0.56347,4.05664
63626385721325,7,14,2.85474,3.37528,0.84105,0.26196,0.19099,0.33926,0.56347,4.05664
63626385721342,7,14,2.85474,3.37528,0.84105,0.26196,0.19099,0.33926,0.56347,4.05664
63626385721375,7,14,2.85474,3.37528,0.84105,0.26196,0.19099,0.33926,0.56347,4.05664
63626385721391,7,28,2.44228,3.55970,0.68470,0.22897,0.18582,0.33357,0.49898,3.88414
63626385721425,7,28,2.44228,3.55970,0.68470,0.22897,0.18582,0.33357,0.49898,3.88414
63626385721458,7,28,2.44228,3.55970,0.68470,0.22897,0.18582,0.33357,0.49898,3.88414
63626385721475,7,28,2.44228,3.55970,0.68470,0.22897,0.18582,0.33357,0.49898,3.88414
63626385721508,7,40.61464,2.33700,3.93912,0.70490,0.21379,0.17160,0.28172,0.55184,3.36662
63626385721525,7,40.61464,2.33700,3.93912,0.70490,0.21379,0.17160,0.28172,0.55184,3.36662
63626385721558,7,40.61464,2.33700,3.93912,0.70490,0.21379,0.17160,0.28172,0.55184,3.36662
63626385721591,7,50.78409,2.39315,4.00039,0.73141,0.24650,0.17818,0.31991,0.68374,3.10016
63626385721608,7,50.78409,2.39315,4.00039,0.73141,0.24650,0.17818,0.31991,0.68374,3.10016
63626385721640,7,50.78409,2.39315,4.00039,0.73141,0.24650,0.17818,0.31991,0.68374,3.10016
63626385721674,7,50.78409,2.39315,4.00039,0.73141,0.24650,0.17818,0.31991,0.68374,3.10016
63626385721690,7,65.72601,2.46826,3.95452,0.72708,0.26066,0.18384,0.30605,0.61766,1.98414
63626385721723,7,65.72601,2.46826,3.95452,0.72708,0.26066,0.18384,0.30605,0.61766,1.98414
63626385721739,7,65.72601,2.46826,3.95452,0.72708,0.26066,0.18384,0.30605,0.61766,1.98414
63626385721772,7,65.72601,2.46826,3.95452,0.72708,0.26066,0.18384,0.30605,0.61766,1.98414
63626385721789,7,68.73022,2.58702,4.10529,0.78325,0.26681,0.19050,0.29714,0.54813,1.07537
63626385721823,7,68.73022,2.58702,4.10529,0.78325,0.26681,0.19050,0.29714,0.54813,1.07537
63626385721856,7,68.73022,2.58702,4.10529,0.78325,0.26681,0.19050,0.29714,0.54813,1.07537
63626385721872,7,68.73022,2.58702,4.10529,0.78325,0.26681,0.19050,0.29714,0.54813,1.07537
63626385721906,7,70,2.40705,4.40936,0.74926,0.23122,0.17128,0.32009,0.55715,2.23138
63626385721939,7,70,2.40705,4.40936,0.74926,0.23122,0.17128,0.32009,0.55715,2.23138
63626385721955,7,70,2.40705,4.40936,0.74926,0.23122,0.17128,0.32009,0.55715,2.23138
63626385721988,7,70,2.40705,4.40936,0.74926,0.23122,0.17128,0.32009,0.55715,2.23138
63626385722005,7,66.28208,2.42341,4.42940,0.65890,0.19299,0.16228,0.31708,0.53806,3.28820
63626385722038,7,66.28208,2.42341,4.42940,0.65890,0.19299,0.16228,0.31708,0.53806,3.28820
63626385722071,7,66.28208,2.42341,4.42940,0.65890,0.19299,0.16228,0.31708,0.53806,3.28820
63626385722087,7,66.93658,2.33160,4.32563,0.74455,0.24839,0.17087,0.28864,0.52287,2.66009
63626385722121,7,66.93658,2.33160,4.32563,0.74455,0.24839,0.17087,0.28864,0.52287,2.66009
63626385722137,7,66.93658,2.33160,4.32563,0.74455,0.24839,0.17087,0.28864,0.52287,2.66009
63626385722171,7,66.93658,2.33160,4.32563,0.74455,0.24839,0.17087,0.28864,0.52287,2.66009
63626385722187,7,63.26411,2.14180,4.29129,0.76313,0.30926,0.17717,0.31527,0.51254,1.66995
63626385722220,7,63.26411,2.14180,4.29129,0.76313,0.30926,0.17717,0.31527,0.51254,1.66995
63626385722254,7,63.26411,2.14180,4.29129,0.76313,0.30926,0.17717,0.31527,0.51254,1.66995
63626385722287,7,63.26411,2.14180,4.29129,0.76313,0.30926,0.17717,0.31527,0.51254,1.66995
63626385722304,7,55.67205,2.25841,4.39148,0.66446,0.35626,0.17762,0.31553,0.40639,1.90457
63626385722336,7,55.67205,2.25841,4.39148,0.66446,0.35626,0.17762,0.31553,0.40639,1.90457
63626385722353,7,55.67205,2.25841,4.39148,0.66446,0.35626,0.17762,0.31553,0.40639,1.90457
63626385722386,7,55.67205,2.25841,4.39148,0.66446,0.35626,0.17762,0.31553,0.40639,1.90457
63626385722402,7,60.33647,2.60067,4.54497,0.75735,0.34985,0.20411,0.31882,0.44358,1.72549
63626385722436,7,60.33647,2.60067,4.54497,0.75735,0.34985,0.20411,0.31882,0.44358,1.72549
63626385722452,7,60.33647,2.60067,4.54497,0.75735,0.34985,0.20411,0.31882,0.44358,1.72549
63626385722485,7,70,2.72529,4.59996,0.83831,0.30163,0.22008,0.34607,0.54046,1.22424
63626385722518,7,70,2.72529,4.59996,0.83831,0.30163,0.22008,0.34607,0.54046,1.22424
63626385722536,7,70,2.72529,4.59996,0.83831,0.30163,0.22008,0.34607,0.54046,1.22424
63626385722569,7,70,2.72529,4.59996,0.83831,0.30163,0.22008,0.34607,0.54046,1.22424
63626385722585,7,70,2.48686,4.63348,0.82187,0.30043,0.19293,0.34116,0.54724,1.35718
63626385722618,7,70,2.48686,4.63348,0.82187,0.30043,0.19293,0.34116,0.54724,1.35718
63626385722651,7,70,2.48686,4.63348,0.82187,0.30043,0.19293,0.34116,0.54724,1.35718
63626385722668,7,70,2.48686,4.63348,0.82187,0.30043,0.19293,0.34116,0.54724,1.35718
63626385722701,7,69.47459,2.39616,4.62767,0.81037,0.30061,0.16731,0.32264,0.47033,1.29344
63626385722717,7,69.47459,2.39616,4.62767,0.81037,0.30061,0.16731,0.32264,0.47033,1.29344
63626385722750,7,69.47459,2.39616,4.62767,0.81037,0.30061,0.16731,0.32264,0.47033,1.29344
63626385722783,7,69.47459,2.39616,4.62767,0.81037,0.30061,0.16731,0.32264,0.47033,1.29344
63626385722800,7,65.84652,2.33159,4.50932,0.82168,0.27786,0.17015,0.28423,0.39747,1.10194
63626385722833,7,65.84652,2.33159,4.50932,0.82168,0.27786,0.17015,0.28423,0.39747,1.10194
63626385722849,7,65.84652,2.33159,4.50932,0.82168,0.27786,0.17015,0.28423,0.39747,1.10194
63626385722882,7,65.84652,2.33159,4.50932,0.82168,0.27786,0.17015,0.28423,0.39747,1.10194
63626385722899,7,63.26362,2.19969,4.51159,0.73077,0.26093,0.18037,0.27102,0.42336,1.09462
63626385722933,7,63.26362,2.19969,4.51159,0.73077,0.26093,0.18037,0.27102,0.42336,1.09462
63626385722966,7,63.26362,2.19969,4.51159,0.73077,0.26093,0.18037,0.27102,0.42336,1.09462
63626385722982,7,57.98749,2.42249,4.60931,0.68011,0.25244,0.18151,0.28981,0.49121,1.10909
63626385723015,7,57.98749,2.42249,4.60931,0.68011,0.25244,0.18151,0.28981,0.49121,1.10909
63626385723032,7,57.98749,2.42249,4.60931,0.68011,0.25244,0.18151,0.28981,0.49121,1.10909
63626385723065,7,57.98749,2.42249,4.60931,0.68011,0.25244,0.18151,0.28981,0.49121,1.10909
63626385723098,7,66.89969,2.63359,4.56766,0.77233,0.26108,0.18378,0.31912,0.56159,1.13147
63626385723114,7,66.89969,2.63359,4.56766,0.77233,0.26108,0.18378,0.31912,0.56159,1.13147
63626385723148,7,66.89969,2.63359,4.56766,0.77233,0.26108,0.18378,0.31912,0.56159,1.13147
63626385723164,7,66.89969,2.63359,4.56766,0.77233,0.26108,0.18378,0.31912,0.56159,1.13147
63626385723197,7,70,2.49360,4.50822,0.73993,0.23472,0.15879,0.29544,0.53027,1.18694
63626385723230,7,70,2.49360,4.50822,0.73993,0.23472,0.15879,0.29544,0.53027,1.18694
63626385723247,7,70,2.49360,4.50822,0.73993,0.23472,0.15879,0.29544,0.53027,1.18694
63626385723280,7,70,2.49360,4.50822,0.73993,0.23472,0.15879,0.29544,0.53027,1.18694
63626385723296,7,69.74419,2.30109,4.57748,0.69999,0.22595,0.15027,0.30493,0.47743,1.69985
63626385723330,7,69.74419,2.30109,4.57748,0.69999,0.22595,0.15027,0.30493,0.47743,1.69985
63626385723363,7,69.74419,2.30109,4.57748,0.69999,0.22595,0.15027,0.30493,0.47743,1.69985
63626385723380,7,69.74419,2.30109,4.57748,0.69999,0.22595,0.15027,0.30493,0.47743,1.69985
63626385723413,7,62.04376,2.40764,4.60389,0.72479,0.25904,0.16572,0.34263,0.52729,1.71164
63626385723446,7,62.04376,2.40764,4.60389,0.72479,0.25904,0.16572,0.34263,0.52729,1.71164
63626385723463,7,62.04376,2.40764,4.60389,0.72479,0.25904,0.16572,0.34263,0.52729,1.71164
63626385723496,7,66.30573,2.32838,4.55268,0.69421,0.23901,0.14472,0.28480,0.59777,1.20133
63626385723513,7,66.30573,2.32838,4.55268,0.69421,0.23901,0.14472,0.28480,0.59777,1.20133
63626385723545,7,66.30573,2.32838,4.55268,0.69421,0.23901,0.14472,0.28480,0.59777,1.20133
63626385723578,7,66.30573,2.32838,4.55268,0.69421,0.23901,0.14472,0.28480,0.59777,1.20133
63626385723595,7,63.13517,2.30512,4.60773,0.67919,0.21932,0.15809,0.32646,0.69719,1.15950
63626385723628,7,63.13517,2.30512,4.60773,0.67919,0.21932,0.15809,0.32646,0.69719,1.15950
63626385723644,7,63.13517,2.30512,4.60773,0.67919,0.21932,0.15809,0.32646,0.69719,1.15950
63626385723679,7,63.13517,2.30512,4.60773,0.67919,0.21932,0.15809,0.32646,0.69719,1.15950
63626385723711,7,62.20466,2.31515,4.64247,0.73063,0.24711,0.20958,0.38718,0.63943,1.15730
63626385723728,7,62.20466,2.31515,4.64247,0.73063,0.24711,0.20958,0.38718,0.63943,1.15730
63626385723761,7,62.20466,2.31515,4.64247,0.73063,0.24711,0.20958,0.38718,0.63943,1.15730
63626385723778,7,62.60619,2.31515,4.64247,0.73063,0.24711,0.20958,0.38718,0.63943,1.15730
63626385723811,7,62.60619,2.25108,4.57430,0.76102,0.23857,0.19848,0.33948,0.52261,1.11612
63626385723827,7,62.60619,2.25108,4.57430,0.76102,0.23857,0.19848,0.33948,0.52261,1.11612
63626385723860,7,62.60619,2.25108,4.57430,0.76102,0.23857,0.19848,0.33948,0.52261,1.11612
63626385723893,7,60.04333,2.38474,4.53368,0.74103,0.22469,0.18816,0.33476,0.52168,1.07101
63626385723910,7,60.04333,2.38474,4.53368,0.74103,0.22469,0.18816,0.33476,0.52168,1.07101
63626385723943,7,60.04333,2.38474,4.53368,0.74103,0.22469,0.18816,0.33476,0.52168,1.07101
63626385723959,7,60.04333,2.38474,4.53368,0.74103,0.22469,0.18816,0.33476,0.52168,1.07101
63626385723992,7,65.38972,2.28197,4.55706,0.71961,0.25100,0.18730,0.36969,0.47072,1.11543
63626385724025,7,65.38972,2.28197,4.55706,0.71961,0.25100,0.18730,0.36969,0.47072,1.11543
63626385724042,7,65.38972,2.28197,4.55706,0.71961,0.25100,0.18730,0.36969,0.47072,1.11543
63626385724075,7,65.38972,2.28197,4.55706,0.71961,0.25100,0.18730,0.36969,0.47072,1.11543
63626385724093,7,61.27891,2.43026,4.55924,0.73930,0.27983,0.19040,0.39778,0.53415,1.18021
63626385724126,7,61.27891,2.43026,4.55924,0.73930,0.27983,0.19040,0.39778,0.53415,1.18021
63626385724142,7,61.27891,2.43026,4.55924,0.73930,0.27983,0.19040,0.39778,0.53415,1.18021
63626385724175,7,61.27891,2.43026,4.55924,0.73930,0.27983,0.19040,0.39778,0.53415,1.18021
63626385724192,7,67.2104,2.25632,4.56285,0.76424,0.27286,0.20221,0.36985,0.48187,1.21709
63626385724225,7,67.2104,2.25632,4.56285,0.76424,0.27286,0.20221,0.36985,0.48187,1.21709
63626385724258,7,67.2104,2.25632,4.56285,0.76424,0.27286,0.20221,0.36985,0.48187,1.21709
63626385724274,7,67.2104,2.25632,4.56285,0.76424,0.27286,0.20221,0.36985,0.48187,1.21709
63626385724307,7,60.25266,2.02987,4.56634,0.72152,0.23473,0.16906,0.29164,0.45119,1.20471
63626385724324,7,60.25266,2.02987,4.56634,0.72152,0.23473,0.16906,0.29164,0.45119,1.20471
63626385724357,7,60.25266,2.02987,4.56634,0.72152,0.23473,0.16906,0.29164,0.45119,1.20471
63626385724390,7,51.19474,2.10486,4.56493,0.70864,0.22348,0.13369,0.25344,0.48910,1.18348
63626385724407,7,51.19474,2.10486,4.56493,0.70864,0.22348,0.13369,0.25344,0.48910,1.18348
63626385724440,7,51.19474,2.10486,4.56493,0.70864,0.22348,0.13369,0.25344,0.48910,1.18348
63626385724457,7,51.19474,2.10486,4.56493,0.70864,0.22348,0.13369,0.25344,0.48910,1.18348
63626385724490,7,54.19431,2.22751,4.58975,0.75947,0.23425,0.12971,0.26699,0.49110,1.18323
63626385724507,7,54.19431,2.22751,4.58975,0.75947,0.23425,0.12971,0.26699,0.49110,1.18323
63626385724539,7,54.19431,2.22751,4.58975,0.75947,0.23425,0.12971,0.26699,0.49110,1.18323
63626385724556,7,54.19431,2.22751,4.58975,0.75947,0.23425,0.12971,0.26699,0.49110,1.18323
63626385724589,7,59.10022,2.12358,4.59961,0.74464,0.22650,0.14602,0.28663,0.52564,1.21931
63626385724622,7,59.10022,2.12358,4.59961,0.74464,0.22650,0.14602,0.28663,0.52564,1.21931
63626385724639,7,59.10022,2.12358,4.59961,0.74464,0.22650,0.14602,0.28663,0.52564,1.21931
63626385724672,7,59.10022,2.12358,4.59961,0.74464,0.22650,0.14602,0.28663,0.52564,1.21931
63626385724689,7,54.94321,1.80179,4.58013,0.67488,0.20128,0.14742,0.29958,0.50214,1.20689
63626385724722,7,54.94321,1.80179,4.58013,0.67488,0.20128,0.14742,0.29958,0.50214,1.20689
63626385724754,7,54.94321,1.80179,4.58013,0.67488,0.20128,0.14742,0.29958,0.50214,1.20689
63626385724771,7,54.94321,1.80179,4.58013,0.67488,0.20128,0.14742,0.29958,0.50214,1.20689
63626385724805,7,42.07175,1.94824,4.57322,0.68397,0.18492,0.13588,0.30035,0.46304,1.16502
63626385724821,7,42.07175,1.94824,4.57322,0.68397,0.18492,0.13588,0.30035,0.46304,1.16502
63626385724855,7,42.07175,1.94824,4.57322,0.68397,0.18492,0.13588,0.30035,0.46304,1.16502
63626385724871,7,42.07175,1.94824,4.57322,0.68397,0.18492,0.13588,0.30035,0.46304,1.16502
63626385724904,7,47.92956,2.09656,4.57649,0.70363,0.17518,0.13856,0.28640,0.44841,1.09831
63626385724937,7,47.92956,2.09656,4.57649,0.70363,0.17518,0.13856,0.28640,0.44841,1.09831
63626385724954,7,47.92956,2.09656,4.57649,0.70363,0.17518,0.13856,0.28640,0.44841,1.09831
63626385724987,7,53.86251,2.12758,4.55867,0.62589,0.17860,0.16468,0.28071,0.42413,1.12550
63626385725004,7,53.86251,2.12758,4.55867,0.62589,0.17860,0.16468,0.28071,0.42413,1.12550
63626385725036,7,53.86251,2.12758,4.55867,0.62589,0.17860,0.16468,0.28071,0.42413,1.12550
63626385725069,7,53.86251,2.12758,4.55867,0.62589,0.17860,0.16468,0.28071,0.42413,1.12550
63626385725086,7,55.10315,2.37363,4.55838,0.69354,0.21189,0.18312,0.27819,0.45507,1.19217
63626385725119,7,55.10315,2.37363,4.55838,0.69354,0.21189,0.18312,0.27819,0.45507,1.19217
63626385725152,7,55.10315,2.37363,4.55838,0.69354,0.21189,0.18312,0.27819,0.45507,1.19217
63626385725168,7,55.10315,2.37363,4.55838,0.69354,0.21189,0.18312,0.27819,0.45507,1.19217
63626385725202,7,64.9451,2.54324,4.58985,0.77748,0.24372,0.18592,0.33720,0.59426,1.14575
63626385725219,7,64.9451,2.54324,4.58985,0.77748,0.24372,0.18592,0.33720,0.59426,1.14575
63626385725252,7,64.9451,2.54324,4.58985,0.77748,0.24372,0.18592,0.33720,0.59426,1.14575
63626385725269,7,64.9451,2.54324,4.58985,0.77748,0.24372,0.18592,0.33720,0.59426,1.14575
63626385725302,7,70,2.31538,4.56367,0.68036,0.22109,0.17647,0.36129,0.51215,1.09912
63626385725335,7,70,2.31538,4.56367,0.68036,0.22109,0.17647,0.36129,0.51215,1.09912
63626385725351,7,70,2.31538,4.56367,0.68036,0.22109,0.17647,0.36129,0.51215,1.09912
63626385725384,7,62.61513,2.28516,4.58572,0.60317,0.19191,0.17851,0.33201,0.45708,1.10203
63626385725401,7,62.61513,2.28516,4.58572,0.60317,0.19191,0.17851,0.33201,0.45708,1.10203
63626385725434,7,62.61513,2.28516,4.58572,0.60317,0.19191,0.17851,0.33201,0.45708,1.10203
63626385725450,7,62.61513,2.28516,4.58572,0.60317,0.19191,0.17851,0.33201,0.45708,1.10203
63626385725483,7,61.4062,2.33269,4.62449,0.64627,0.20398,0.18957,0.34877,0.49834,1.14890
63626385725516,7,61.4062,2.33269,4.62449,0.64627,0.20398,0.18957,0.34877,0.49834,1.14890
63626385725533,7,61.4062,2.33269,4.62449,0.64627,0.20398,0.18957,0.34877,0.49834,1.14890
63626385725566,7,61.4062,2.33269,4.62449,0.64627,0.20398,0.18957,0.34877,0.49834,1.14890
63626385725583,7,63.30753,2.33830,4.58742,0.63426,0.20470,0.17093,0.30613,0.45229,1.11041
63626385725616,7,63.30753,2.33830,4.58742,0.63426,0.20470,0.17093,0.30613,0.45229,1.11041
63626385725633,7,63.30753,2.33830,4.58742,0.63426,0.20470,0.17093,0.30613,0.45229,1.11041
63626385725666,7,63.30753,2.33830,4.58742,0.63426,0.20470,0.17093,0.30613,0.45229,1.11041
63626385725699,7,63.53203,2.43059,4.58448,0.62624,0.20431,0.15526,0.25247,0.56694,1.13134
63626385725716,7,63.53203,2.43059,4.58448,0.62624,0.20431,0.15526,0.25247,0.56694,1.13134
63626385725749,7,63.53203,2.43059,4.58448,0.62624,0.20431,0.15526,0.25247,0.56694,1.13134
63626385725765,7,63.53203,2.43059,4.58448,0.62624,0.20431,0.15526,0.25247,0.56694,1.13134
63626385725798,7,67.22343,2.58101,4.55491,0.72055,0.23914,0.18833,0.30697,0.66402,1.16895
63626385725831,7,67.22343,2.58101,4.55491,0.72055,0.23914,0.18833,0.30697,0.66402,1.16895
63626385725848,7,67.22343,2.58101,4.55491,0.72055,0.23914,0.18833,0.30697,0.66402,1.16895
63626385725881,7,67.22343,2.58101,4.55491,0.72055,0.23914,0.18833,0.30697,0.66402,1.16895
63626385725897,7,70,2.32305,4.54910,0.70178,0.22856,0.18662,0.29392,0.58383,1.13251
63626385725931,7,70,2.32305,4.54910,0.70178,0.22856,0.18662,0.29392,0.58383,1.13251
63626385725964,7,70,2.32305,4.54910,0.70178,0.22856,0.18662,0.29392,0.58383,1.13251
63626385725981,7,70,2.32305,4.54910,0.70178,0.22856,0.18662,0.29392,0.58383,1.13251
63626385725997,7,62.9219,2.02442,4.58907,0.68084,0.22605,0.17977,0.28741,0.60300,1.15206
63626385726031,7,62.9219,2.02442,4.58907,0.68084,0.22605,0.17977,0.28741,0.60300,1.15206
63626385726063,7,62.9219,2.02442,4.58907,0.68084,0.22605,0.17977,0.28741,0.60300,1.15206
63626385726080,7,50.97681,2.24035,4.59398,0.69994,0.20874,0.17883,0.35260,0.61210,1.17860
63626385726113,7,50.97681,2.24035,4.59398,0.69994,0.20874,0.17883,0.35260,0.61210,1.17860
63626385726146,7,50.97681,2.24035,4.59398,0.69994,0.20874,0.17883,0.35260,0.61210,1.17860
63626385726163,7,50.97681,2.24035,4.59398,0.69994,0.20874,0.17883,0.35260,0.61210,1.17860
63626385726196,7,59.61419,2.31118,4.56414,0.67011,0.16859,0.15807,0.36269,0.54247,1.13836
63626385726229,7,59.61419,2.31118,4.56414,0.67011,0.16859,0.15807,0.36269,0.54247,1.13836
63626385726245,7,59.61419,2.31118,4.56414,0.67011,0.16859,0.15807,0.36269,0.54247,1.13836
63626385726278,7,59.61419,2.31118,4.56414,0.67011,0.16859,0.15807,0.36269,0.54247,1.13836
63626385726295,7,62.44734,2.60536,4.52734,0.69940,0.20181,0.17538,0.35202,0.51815,1.11299
63626385726329,7,62.44734,2.60536,4.52734,0.69940,0.20181,0.17538,0.35202,0.51815,1.11299
63626385726362,7,62.44734,2.60536,4.52734,0.69940,0.20181,0.17538,0.35202,0.51815,1.11299
63626385726379,7,70,2.57405,4.51341,0.69867,0.21588,0.16350,0.30528,0.54415,1.16710
63626385726411,7,70,2.57405,4.51341,0.69867,0.21588,0.16350,0.30528,0.54415,1.16710
63626385726429,7,70,2.57405,4.51341,0.69867,0.21588,0.16350,0.30528,0.54415,1.16710
63626385726461,7,70,2.57405,4.51341,0.69867,0.21588,0.16350,0.30528,0.54415,1.16710
63626385726494,7,70,2.02056,4.54110,0.65449,0.19834,0.15098,0.27987,0.57036,1.18150
63626385726511,7,70,2.02056,4.54110,0.65449,0.19834,0.15098,0.27987,0.57036,1.18150
63626385726544,7,70,2.02056,4.54110,0.65449,0.19834,0.15098,0.27987,0.57036,1.18150
63626385726577,7,70,2.02056,4.54110,0.65449,0.19834,0.15098,0.27987,0.57036,1.18150
63626385726593,7,50.82226,1.99787,4.54890,0.66115,0.20027,0.16150,0.28469,0.51965,1.09550
63626385726610,7,50.82226,1.99787,4.54890,0.66115,0.20027,0.16150,0.28469,0.51965,1.09550
63626385726643,7,50.82226,1.99787,4.54890,0.66115,0.20027,0.16150,0.28469,0.51965,1.09550
63626385726676,7,50.82226,1.99787,4.54890,0.66115,0.20027,0.16150,0.28469,0.51965,1.09550
63626385726692,7,49.91467,2.22971,4.53638,0.70668,0.20696,0.15873,0.30450,0.52581,1.06925
63626385726726,7,49.91467,2.22971,4.53638,0.70668,0.20696,0.15873,0.30450,0.52581,1.06925
63626385726759,7,49.91467,2.22971,4.53638,0.70668,0.20696,0.15873,0.30450,0.52581,1.06925
63626385726776,7,49.91467,2.22971,4.53638,0.70668,0.20696,0.15873,0.30450,0.52581,1.06925
63626385726809,7,59.18848,2.08326,4.51872,0.81245,0.20964,0.18064,0.34878,0.68287,1.12701
63626385726826,7,59.18848,2.08326,4.51872,0.81245,0.20964,0.18064,0.34878,0.68287,1.12701
63626385726859,7,59.18848,2.08326,4.51872,0.81245,0.20964,0.18064,0.34878,0.68287,1.12701
63626385726892,7,53.33058,1.90658,4.54840,0.84510,0.21140,0.18958,0.33844,0.66946,1.10136
63626385726908,7,53.33058,1.90658,4.54840,0.84510,0.21140,0.18958,0.33844,0.66946,1.10136
63626385726941,7,53.33058,1.90658,4.54840,0.84510,0.21140,0.18958,0.33844,0.66946,1.10136
63626385726958,7,53.33058,1.90658,4.54840,0.84510,0.21140,0.18958,0.33844,0.66946,1.10136
63626385726991,7,46.26316,2.05823,4.59112,0.73844,0.19817,0.15583,0.29532,0.43668,1.10264
63626385727024,7,46.26316,2.05823,4.59112,0.73844,0.19817,0.15583,0.29532,0.43668,1.10264
63626385727041,7,46.26316,2.05823,4.59112,0.73844,0.19817,0.15583,0.29532,0.43668,1.10264
63626385727074,7,46.26316,2.05823,4.59112,0.73844,0.19817,0.15583,0.29532,0.43668,1.10264
63626385727091,7,52.32911,2.14164,4.58446,0.76162,0.18734,0.15554,0.30847,0.39652,1.13044
63626385727124,7,52.32911,2.14164,4.58446,0.76162,0.18734,0.15554,0.30847,0.39652,1.13044
63626385727141,7,52.32911,2.14164,4.58446,0.76162,0.18734,0.15554,0.30847,0.39652,1.13044
63626385727174,7,52.32911,2.14164,4.58446,0.76162,0.18734,0.15554,0.30847,0.39652,1.13044
63626385727207,7,55.66545,2.25901,4.57675,0.78110,0.19092,0.17239,0.32983,0.46080,1.10330
63626385727223,7,55.66545,2.25901,4.57675,0.78110,0.19092,0.17239,0.32983,0.46080,1.10330
63626385727256,7,55.66545,2.25901,4.57675,0.78110,0.19092,0.17239,0.32983,0.46080,1.10330
63626385727273,7,55.66545,2.25901,4.57675,0.78110,0.19092,0.17239,0.32983,0.46080,1.10330
63626385727306,7,60.36027,2.22512,4.59228,0.72233,0.19434,0.15679,0.30765,0.49342,1.11027
63626385727339,7,60.36027,2.22512,4.59228,0.72233,0.19434,0.15679,0.30765,0.49342,1.11027
63626385727355,7,60.36027,2.22512,4.59228,0.72233,0.19434,0.15679,0.30765,0.49342,1.11027
63626385727389,7,59.00461,2.42787,4.57593,0.73008,0.21198,0.17898,0.29747,0.54256,1.10603
63626385727405,7,59.00461,2.42787,4.57593,0.73008,0.21198,0.17898,0.29747,0.54256,1.10603
63626385727439,7,59.00461,2.42787,4.57593,0.73008,0.21198,0.17898,0.29747,0.54256,1.10603
63626385727456,7,59.00461,2.42787,4.57593,0.73008,0.21198,0.17898,0.29747,0.54256,1.10603
63626385727489,7,67.11496,2.03878,4.55618,0.71034,0.20092,0.17073,0.27364,0.54933,1.10431
63626385727522,7,67.11496,2.03878,4.55618,0.71034,0.20092,0.17073,0.27364,0.54933,1.10431
63626385727538,7,67.11496,2.03878,4.55618,0.71034,0.20092,0.17073,0.27364,0.54933,1.10431
63626385727571,7,67.11496,2.03878,4.55618,0.71034,0.20092,0.17073,0.27364,0.54933,1.10431
63626385727588,7,51.55104,1.94798,4.54663,0.66508,0.17203,0.13744,0.26416,0.45256,1.09814
63626385727621,7,51.55104,1.94798,4.54663,0.66508,0.17203,0.13744,0.26416,0.45256,1.09814
63626385727654,7,51.55104,1.94798,4.54663,0.66508,0.17203,0.13744,0.26416,0.45256,1.09814
63626385727671,7,51.55104,1.94798,4.54663,0.66508,0.17203,0.13744,0.26416,0.45256,1.09814
63626385727703,7,47.91909,2.54218,4.56798,0.68467,0.18974,0.16446,0.28681,0.44541,1.14194
63626385727720,7,47.91909,2.54218,4.56798,0.68467,0.18974,0.16446,0.28681,0.44541,1.14194
63626385727753,7,47.91909,2.54218,4.56798,0.68467,0.18974,0.16446,0.28681,0.44541,1.14194
63626385727770,7,47.91909,2.54218,4.56798,0.68467,0.18974,0.16446,0.28681,0.44541,1.14194
63626385727803,7,70,2.35044,4.62606,0.77893,0.22903,0.16128,0.28644,0.49416,1.23092
63626385727837,7,70,2.35044,4.62606,0.77893,0.22903,0.16128,0.28644,0.49416,1.23092
63626385727853,7,70,2.35044,4.62606,0.77893,0.22903,0.16128,0.28644,0.49416,1.23092
63626385727886,7,64.01761,2.06935,4.64299,0.79561,0.22922,0.15145,0.27641,0.47663,1.19933
63626385727903,7,64.01761,2.06935,4.64299,0.79561,0.22922,0.15145,0.27641,0.47663,1.19933
63626385727936,7,64.01761,2.06935,4.64299,0.79561,0.22922,0.15145,0.27641,0.47663,1.19933
63626385727953,7,64.01761,2.06935,4.64299,0.79561,0.22922,0.15145,0.27641,0.47663,1.19933
63626385727985,7,52.77383,2.09570,4.62435,0.74917,0.21906,0.16539,0.28479,0.49101,1.15410
63626385728019,7,52.77383,2.09570,4.62435,0.74917,0.21906,0.16539,0.28479,0.49101,1.15410
63626385728035,7,52.77383,2.09570,4.62435,0.74917,0.21906,0.16539,0.28479,0.49101,1.15410
63626385728068,7,52.77383,2.09570,4.62435,0.74917,0.21906,0.16539,0.28479,0.49101,1.15410
63626385728085,7,53.82791,2.06900,4.58554,0.72590,0.20412,0.17079,0.29236,0.49522,1.17488
63626385728117,7,53.82791,2.06900,4.58554,0.72590,0.20412,0.17079,0.29236,0.49522,1.17488
63626385728152,7,53.82791,2.06900,4.58554,0.72590,0.20412,0.17079,0.29236,0.49522,1.17488
63626385728168,7,53.82791,2.06900,4.58554,0.72590,0.20412,0.17079,0.29236,0.49522,1.17488
63626385728201,7,52.76012,1.80930,4.56385,0.62764,0.16033,0.17458,0.31430,0.42831,1.16257
63626385728217,7,52.76012,1.80930,4.56385,0.62764,0.16033,0.17458,0.31430,0.42831,1.16257
63626385728251,7,52.76012,1.80930,4.56385,0.62764,0.16033,0.17458,0.31430,0.42831,1.16257
63626385728267,7,52.76012,1.80930,4.56385,0.62764,0.16033,0.17458,0.31430,0.42831,1.16257
63626385728300,7,42.37187,2.12209,4.57055,0.70276,0.17663,0.19337,0.33976,0.48525,1.14758
63626385728334,7,42.37187,2.12209,4.57055,0.70276,0.17663,0.19337,0.33976,0.48525,1.14758
63626385728350,7,42.37187,2.12209,4.57055,0.70276,0.17663,0.19337,0.33976,0.48525,1.14758
63626385728383,7,42.37187,2.12209,4.57055,0.70276,0.17663,0.19337,0.33976,0.48525,1.14758
63626385728399,7,54.88366,2.08232,4.54014,0.82297,0.21186,0.18338,0.30468,0.53046,1.18028
63626385728432,7,54.88366,2.08232,4.54014,0.82297,0.21186,0.18338,0.30468,0.53046,1.18028
63626385728465,7,54.88366,2.08232,4.54014,0.82297,0.21186,0.18338,0.30468,0.53046,1.18028
63626385728482,7,53.29285,1.97212,4.51280,0.79720,0.20526,0.20123,0.29697,0.47919,1.20728
63626385728515,7,53.29285,1.97212,4.51280,0.79720,0.20526,0.20123,0.29697,0.47919,1.20728
63626385728532,7,53.29285,1.97212,4.51280,0.79720,0.20526,0.20123,0.29697,0.47919,1.20728
63626385728566,7,53.29285,1.97212,4.51280,0.79720,0.20526,0.20123,0.29697,0.47919,1.20728
63626385728599,7,48.88498,2.24308,4.55585,0.80933,0.20020,0.22851,0.32710,0.52332,1.17131
63626385728615,7,48.88498,2.24308,4.55585,0.80933,0.20020,0.22851,0.32710,0.52332,1.17131
63626385728648,7,48.88498,2.24308,4.55585,0.80933,0.20020,0.22851,0.32710,0.52332,1.17131
63626385728665,7,48.88498,2.24308,4.55585,0.80933,0.20020,0.22851,0.32710,0.52332,1.17131
63626385728698,7,59.72335,2.33054,4.58172,0.76545,0.19158,0.21681,0.31524,0.44571,1.19705
63626385728731,7,59.72335,2.33054,4.58172,0.76545,0.19158,0.21681,0.31524,0.44571,1.19705
63626385728747,7,59.72335,2.33054,4.58172,0.76545,0.19158,0.21681,0.31524,0.44571,1.19705
63626385728780,7,59.72335,2.33054,4.58172,0.76545,0.19158,0.21681,0.31524,0.44571,1.19705
63626385728797,7,63.22147,2.14523,4.56671,0.70899,0.19716,0.21212,0.30389,0.38238,1.23233
63626385728830,7,63.22147,2.14523,4.56671,0.70899,0.19716,0.21212,0.30389,0.38238,1.23233
63626385728863,7,63.22147,2.14523,4.56671,0.70899,0.19716,0.21212,0.30389,0.38238,1.23233
63626385728880,7,63.22147,2.14523,4.56671,0.70899,0.19716,0.21212,0.30389,0.38238,1.23233
63626385728913,7,55.8091,1.83698,4.60366,0.77931,0.21375,0.19581,0.30445,0.39261,1.25790
63626385728930,7,55.8091,1.83698,4.60366,0.77931,0.21375,0.19581,0.30445,0.39261,1.25790
63626385728963,7,55.8091,1.83698,4.60366,0.77931,0.21375,0.19581,0.30445,0.39261,1.25790
63626385728980,7,43.47935,1.96416,4.63444,0.92901,0.23841,0.22149,0.33232,0.45435,1.31271
63626385729013,7,43.47935,1.96416,4.63444,0.92901,0.23841,0.22149,0.33232,0.45435,1.31271
63626385729046,7,43.47935,1.96416,4.63444,0.92901,0.23841,0.22149,0.33232,0.45435,1.31271
63626385729063,7,43.47935,1.96416,4.63444,0.92901,0.23841,0.22149,0.33232,0.45435,1.31271
63626385729096,7,48.56639,1.93776,4.59288,0.81111,0.19744,0.20304,0.29828,0.40190,1.26989
63626385729112,7,48.56639,1.93776,4.59288,0.81111,0.19744,0.20304,0.29828,0.40190,1.26989
63626385729145,7,48.56639,1.93776,4.59288,0.81111,0.19744,0.20304,0.29828,0.40190,1.26989
63626385729162,7,48.56639,1.93776,4.59288,0.81111,0.19744,0.20304,0.29828,0.40190,1.26989
63626385729194,7,47.51021,2.04575,4.56249,0.70483,0.16978,0.14208,0.27706,0.40540,1.26626
63626385729227,7,47.51021,2.04575,4.56249,0.70483,0.16978,0.14208,0.27706,0.40540,1.26626
63626385729245,7,47.51021,2.04575,4.56249,0.70483,0.16978,0.14208,0.27706,0.40540,1.26626
63626385729278,7,47.51021,2.04575,4.56249,0.70483,0.16978,0.14208,0.27706,0.40540,1.26626
63626385729294,7,51.83007,2.19248,4.57483,0.74505,0.19992,0.16606,0.32331,0.48253,1.27711
63626385729328,7,51.83007,2.19248,4.57483,0.74505,0.19992,0.16606,0.32331,0.48253,1.27711
63626385729361,7,51.83007,2.19248,4.57483,0.74505,0.19992,0.16606,0.32331,0.48253,1.27711
63626385729377,7,51.83007,2.19248,4.57483,0.74505,0.19992,0.16606,0.32331,0.48253,1.27711
63626385729410,7,57.69915,2.10380,4.57771,0.68258,0.19496,0.19553,0.33050,0.44012,1.24662
63626385729427,7,57.69915,2.10380,4.57771,0.68258,0.19496,0.19553,0.33050,0.44012,1.24662
63626385729460,7,57.69915,2.10380,4.57771,0.68258,0.19496,0.19553,0.33050,0.44012,1.24662
63626385729476,7,54.15213,1.84182,4.58367,0.65909,0.17553,0.18818,0.32527,0.50830,1.23882
63626385729509,7,54.15213,1.84182,4.58367,0.65909,0.17553,0.18818,0.32527,0.50830,1.23882
63626385729542,7,54.15213,1.84182,4.58367,0.65909,0.17553,0.18818,0.32527,0.50830,1.23882
63626385729559,7,54.15213,1.84182,4.58367,0.65909,0.17553,0.18818,0.32527,0.50830,1.23882
63626385729592,7,43.67269,1.48194,4.59994,0.70479,0.16347,0.17592,0.34874,0.52936,1.20647
63626385729626,7,43.67269,1.48194,4.59994,0.70479,0.16347,0.17592,0.34874,0.52936,1.20647
63626385729643,7,43.67269,1.48194,4.59994,0.70479,0.16347,0.17592,0.34874,0.52936,1.20647
63626385729675,7,43.67269,1.48194,4.59994,0.70479,0.16347,0.17592,0.34874,0.52936,1.20647
63626385729709,7,29.27772,1.53403,4.55763,0.68964,0.18261,0.18219,0.38534,0.45089,1.22789
63626385729725,7,29.27772,1.53403,4.55763,0.68964,0.18261,0.18219,0.38534,0.45089,1.22789
63626385729758,7,29.27772,1.53403,4.55763,0.68964,0.18261,0.18219,0.38534,0.45089,1.22789
63626385729775,7,29.27772,1.53403,4.55763,0.68964,0.18261,0.18219,0.38534,0.45089,1.22789
63626385729808,7,31.36113,1.75430,4.53595,0.62665,0.20007,0.19929,0.35555,0.36690,1.22777
63626385729824,7,31.36113,1.75430,4.53595,0.62665,0.20007,0.19929,0.35555,0.36690,1.22777
63626385729857,7,31.36113,1.75430,4.53595,0.62665,0.20007,0.19929,0.35555,0.36690,1.22777
63626385729890,7,40.17218,1.98533,4.54685,0.63020,0.21580,0.18963,0.31745,0.43130,1.24385
63626385729907,7,40.17218,1.98533,4.54685,0.63020,0.21580,0.18963,0.31745,0.43130,1.24385
63626385729940,7,40.17218,1.98533,4.54685,0.63020,0.21580,0.18963,0.31745,0.43130,1.24385
63626385729957,7,40.17218,1.98533,4.54685,0.63020,0.21580,0.18963,0.31745,0.43130,1.24385
63626385729989,7,49.41301,2.24479,4.53756,0.67890,0.20405,0.21417,0.29969,0.48966,1.26717
63626385730023,7,49.41301,2.24479,4.53756,0.67890,0.20405,0.21417,0.29969,0.48966,1.26717
63626385730040,7,49.41301,2.24479,4.53756,0.67890,0.20405,0.21417,0.29969,0.48966,1.26717
63626385730073,7,49.41301,2.24479,4.53756,0.67890,0.20405,0.21417,0.29969,0.48966,1.26717
63626385730106,7,59.79147,2.29784,4.53633,0.72197,0.18084,0.21757,0.33225,0.39508,1.22791
63626385730123,7,59.79147,2.29784,4.53633,0.72197,0.18084,0.21757,0.33225,0.39508,1.22791
63626385730155,7,59.79147,2.29784,4.53633,0.72197,0.18084,0.21757,0.33225,0.39508,1.22791
63626385730470,7,61.9136,1.97844,4.56921,0.63114,0.19526,0.19209,0.36526,0.36372,1.25958
63626385730487,7,49.1377,2.00168,4.62362,0.59096,0.20674,0.16743,0.32969,0.42281,1.40933
63626385730504,7,49.1377,2.00168,4.62362,0.59096,0.20674,0.16743,0.32969,0.42281,1.40933
63626385730520,7,50.06717,2.44859,4.60907,0.64771,0.20675,0.17198,0.33634,0.45123,1.38812
63626385730537,7,67.94379,2.51816,4.58523,0.69064,0.23123,0.19002,0.31728,0.40654,1.37555
63626385730553,7,67.94379,2.51816,4.58523,0.69064,0.23123,0.19002,0.31728,0.40654,1.37555
63626385730586,7,67.94379,2.51816,4.58523,0.69064,0.23123,0.19002,0.31728,0.40654,1.37555
63626385730603,7,70,2.16968,4.60143,0.75970,0.26362,0.16000,0.26994,0.40391,1.45346
63626385730620,7,70,2.16968,4.60143,0.75970,0.26362,0.16000,0.26994,0.40391,1.45346
63626385730653,7,70,2.16968,4.60143,0.75970,0.26362,0.16000,0.26994,0.40391,1.45346
63626385730685,7,70,2.16968,4.60143,0.75970,0.26362,0.16000,0.26994,0.40391,1.45346
63626385730703,7,56.78701,2.14409,4.57408,0.79451,0.27989,0.16191,0.32298,0.52064,1.28062
63626385730735,7,56.78701,2.14409,4.57408,0.79451,0.27989,0.16191,0.32298,0.52064,1.28062
63626385730751,7,56.78701,2.14409,4.57408,0.79451,0.27989,0.16191,0.32298,0.52064,1.28062
63626385730785,7,55.76345,2.14409,4.57408,0.79451,0.27989,0.16191,0.32298,0.52064,1.28062
63626385730802,7,55.76345,2.39043,4.54854,0.71920,0.24055,0.15960,0.31472,0.48496,1.18320
63626385730835,7,55.76345,2.39043,4.54854,0.71920,0.24055,0.15960,0.31472,0.48496,1.18320
63626385730851,7,55.76345,2.39043,4.54854,0.71920,0.24055,0.15960,0.31472,0.48496,1.18320
63626385730884,7,65.6172,2.30023,4.57485,0.68229,0.20928,0.14951,0.27638,0.35625,1.31705
63626385730917,7,65.6172,2.30023,4.57485,0.68229,0.20928,0.14951,0.27638,0.35625,1.31705
63626385730934,7,65.6172,2.30023,4.57485,0.68229,0.20928,0.14951,0.27638,0.35625,1.31705
63626385730967,7,65.6172,2.30023,4.57485,0.68229,0.20928,0.14951,0.27638,0.35625,1.31705
63626385730984,7,62.00925,2.44742,4.56744,0.81763,0.21750,0.16745,0.31397,0.39937,1.39306
63626385731016,7,62.00925,2.44742,4.56744,0.81763,0.21750,0.16745,0.31397,0.39937,1.39306
63626385731033,7,62.00925,2.44742,4.56744,0.81763,0.21750,0.16745,0.31397,0.39937,1.39306
63626385731066,7,62.00925,2.44742,4.56744,0.81763,0.21750,0.16745,0.31397,0.39937,1.39306
63626385731099,7,67.89694,2.63252,4.55240,0.85644,0.21658,0.18826,0.30468,0.45554,1.37583
63626385731116,7,67.89694,2.63252,4.55240,0.85644,0.21658,0.18826,0.30468,0.45554,1.37583
63626385731150,7,67.89694,2.63252,4.55240,0.85644,0.21658,0.18826,0.30468,0.45554,1.37583
63626385731166,7,67.89694,2.63252,4.55240,0.85644,0.21658,0.18826,0.30468,0.45554,1.37583
63626385731199,7,70,2.14901,4.56614,0.76400,0.21640,0.19398,0.30168,0.44744,1.34350
63626385731232,7,70,2.14901,4.56614,0.76400,0.21640,0.19398,0.30168,0.44744,1.34350
63626385731249,7,70,2.14901,4.56614,0.76400,0.21640,0.19398,0.30168,0.44744,1.34350
63626385731282,7,70,2.14901,4.56614,0.76400,0.21640,0.19398,0.30168,0.44744,1.34350
63626385731298,7,55.96033,2.02411,4.60246,0.65851,0.21620,0.16577,0.30137,0.40150,1.31554
63626385731331,7,55.96033,2.02411,4.60246,0.65851,0.21620,0.16577,0.30137,0.40150,1.31554
63626385731348,7,55.96033,2.02411,4.60246,0.65851,0.21620,0.16577,0.30137,0.40150,1.31554
63626385731381,7,50.96457,2.44258,4.61668,0.62188,0.20829,0.16076,0.28038,0.40125,1.35881
63626385731414,7,50.96457,2.44258,4.61668,0.62188,0.20829,0.16076,0.28038,0.40125,1.35881
63626385731431,7,50.96457,2.44258,4.61668,0.62188,0.20829,0.16076,0.28038,0.40125,1.35881
63626385731465,7,50.96457,2.44258,4.61668,0.62188,0.20829,0.16076,0.28038,0.40125,1.35881
63626385731481,7,67.70309,2.54160,4.56623,0.68337,0.21061,0.18916,0.32483,0.44924,1.36076
63626385731514,7,67.70309,2.54160,4.56623,0.68337,0.21061,0.18916,0.32483,0.44924,1.36076
63626385731547,7,67.70309,2.54160,4.56623,0.68337,0.21061,0.18916,0.32483,0.44924,1.36076
63626385731564,7,67.70309,2.54160,4.56623,0.68337,0.21061,0.18916,0.32483,0.44924,1.36076
63626385731597,7,70,2.48966,4.54232,0.75692,0.24368,0.19680,0.34762,0.48429,1.36104
63626385731613,7,70,2.48966,4.54232,0.75692,0.24368,0.19680,0.34762,0.48429,1.36104
63626385731646,7,70,2.48966,4.54232,0.75692,0.24368,0.19680,0.34762,0.48429,1.36104
63626385731680,7,70,2.48966,4.54232,0.75692,0.24368,0.19680,0.34762,0.48429,1.36104
63626385731696,7,69.58644,2.19979,4.57583,0.69980,0.21785,0.16072,0.25984,0.38472,1.38718
63626385731729,7,69.58644,2.19979,4.57583,0.69980,0.21785,0.16072,0.25984,0.38472,1.38718
63626385731745,7,69.58644,2.19979,4.57583,0.69980,0.21785,0.16072,0.25984,0.38472,1.38718
63626385731779,7,69.58644,2.19979,4.57583,0.69980,0.21785,0.16072,0.25984,0.38472,1.38718
63626385731796,7,57.99155,2.09128,4.60784,0.70568,0.20977,0.14046,0.21420,0.29168,1.40718
63626385731829,7,57.99155,2.09128,4.60784,0.70568,0.20977,0.14046,0.21420,0.29168,1.40718
63626385731861,7,57.99155,2.09128,4.60784,0.70568,0.20977,0.14046,0.21420,0.29168,1.40718
63626385731879,7,53.6512,2.35899,4.61625,0.82196,0.22778,0.15970,0.27715,0.38210,1.37646
63626385731913,7,53.6512,2.35899,4.61625,0.82196,0.22778,0.15970,0.27715,0.38210,1.37646
63626385731928,7,53.6512,2.35899,4.61625,0.82196,0.22778,0.15970,0.27715,0.38210,1.37646
63626385731961,7,53.6512,2.35899,4.61625,0.82196,0.22778,0.15970,0.27715,0.38210,1.37646
63626385731978,7,64.35978,2.75575,4.62460,0.80198,0.22222,0.19271,0.33893,0.47422,1.33778
63626385732011,7,64.35978,2.75575,4.62460,0.80198,0.22222,0.19271,0.33893,0.47422,1.33778
63626385732044,7,64.35978,2.75575,4.62460,0.80198,0.22222,0.19271,0.33893,0.47422,1.33778
63626385732061,7,64.35978,2.75575,4.62460,0.80198,0.22222,0.19271,0.33893,0.47422,1.33778
63626385732094,7,70,2.73065,4.58080,0.71507,0.22459,0.20801,0.33854,0.48583,1.36488
63626385732110,7,70,2.73065,4.58080,0.71507,0.22459,0.20801,0.33854,0.48583,1.36488
63626385732143,7,70,2.73065,4.58080,0.71507,0.22459,0.20801,0.33854,0.48583,1.36488
63626385732176,7,70,2.73065,4.58080,0.71507,0.22459,0.20801,0.33854,0.48583,1.36488
63626385732193,7,70,2.39366,4.57712,0.61352,0.22037,0.16262,0.27908,0.39994,1.37523
63626385732226,7,70,2.39366,4.57712,0.61352,0.22037,0.16262,0.27908,0.39994,1.37523
63626385732242,7,70,2.39366,4.57712,0.61352,0.22037,0.16262,0.27908,0.39994,1.37523
63626385732277,7,70,2.39366,4.57712,0.61352,0.22037,0.16262,0.27908,0.39994,1.37523
63626385732293,7,65.74624,2.50974,4.62755,0.55446,0.22617,0.14793,0.31065,0.37095,1.32460
63626385732326,7,65.74624,2.50974,4.62755,0.55446,0.22617,0.14793,0.31065,0.37095,1.32460
63626385732359,7,65.74624,2.50974,4.62755,0.55446,0.22617,0.14793,0.31065,0.37095,1.32460
63626385732375,7,70,2.50974,4.62755,0.55446,0.22617,0.14793,0.31065,0.37095,1.32460
63626385732408,7,70,2.52388,4.60478,0.61304,0.21569,0.15987,0.36212,0.42447,1.33604
63626385732425,7,70,2.52388,4.60478,0.61304,0.21569,0.15987,0.36212,0.42447,1.33604
63626385732458,7,70,2.52388,4.60478,0.61304,0.21569,0.15987,0.36212,0.42447,1.33604
63626385732475,7,70,2.52388,4.60478,0.61304,0.21569,0.15987,0.36212,0.42447,1.33604
63626385732524,7,70,2.62577,4.58767,0.70404,0.21557,0.16953,0.35466,0.47231,1.42686
63626385732557,7,70,2.62577,4.58767,0.70404,0.21557,0.16953,0.35466,0.47231,1.42686
63626385732590,7,70,2.51750,4.61761,0.71302,0.22762,0.17631,0.35058,0.48042,1.37889
63626385732607,7,70,2.51750,4.61761,0.71302,0.22762,0.17631,0.35058,0.48042,1.37889
63626385732641,7,70,2.51750,4.61761,0.71302,0.22762,0.17631,0.35058,0.48042,1.37889
63626385732657,7,70,2.51750,4.61761,0.71302,0.22762,0.17631,0.35058,0.48042,1.37889
63626385732690,7,70,1.95320,4.61737,0.60089,0.18898,0.14845,0.31460,0.37221,1.35597
63626385732724,7,70,1.95320,4.61737,0.60089,0.18898,0.14845,0.31460,0.37221,1.35597
63626385732740,7,70,1.95320,4.61737,0.60089,0.18898,0.14845,0.31460,0.37221,1.35597
63626385732773,7,70,1.95320,4.61737,0.60089,0.18898,0.14845,0.31460,0.37221,1.35597
63626385732790,7,48.12812,2.16611,4.60120,0.47255,0.15488,0.11536,0.25026,0.32457,1.36459
63626385732823,7,48.12812,2.16611,4.60120,0.47255,0.15488,0.11536,0.25026,0.32457,1.36459
63626385732856,7,48.12812,2.16611,4.60120,0.47255,0.15488,0.11536,0.25026,0.32457,1.36459
63626385732872,7,56.64446,2.16611,4.60120,0.47255,0.15488,0.11536,0.25026,0.32457,1.36459
63626385732905,7,56.64446,2.50980,4.61563,0.57347,0.22704,0.15950,0.31900,0.46666,1.37941
63626385732938,7,56.64446,2.50980,4.61563,0.57347,0.22704,0.15950,0.31900,0.46666,1.37941
63626385732956,7,56.64446,2.50980,4.61563,0.57347,0.22704,0.15950,0.31900,0.46666,1.37941
63626385732989,7,70,2.34474,4.61099,0.61206,0.27892,0.19271,0.35173,0.55417,1.38593
63626385733004,7,70,2.34474,4.61099,0.61206,0.27892,0.19271,0.35173,0.55417,1.38593
63626385733038,7,70,2.34474,4.61099,0.61206,0.27892,0.19271,0.35173,0.55417,1.38593
63626385733055,7,70,2.34474,4.61099,0.61206,0.27892,0.19271,0.35173,0.55417,1.38593
63626385733088,7,63.78942,2.36380,4.59518,0.48407,0.21404,0.15168,0.27967,0.47273,1.36498
63626385733121,7,63.78942,2.36380,4.59518,0.48407,0.21404,0.15168,0.27967,0.47273,1.36498
63626385733137,7,63.78942,2.36380,4.59518,0.48407,0.21404,0.15168,0.27967,0.47273,1.36498
63626385733170,7,63.78942,2.36380,4.59518,0.48407,0.21404,0.15168,0.27967,0.47273,1.36498
63626385733187,7,64.55196,2.10595,4.60245,0.47847,0.15810,0.13439,0.26614,0.37883,1.41303
63626385733220,7,64.55196,2.10595,4.60245,0.47847,0.15810,0.13439,0.26614,0.37883,1.41303
63626385733237,7,64.55196,2.10595,4.60245,0.47847,0.15810,0.13439,0.26614,0.37883,1.41303
63626385733270,7,64.55196,2.10595,4.60245,0.47847,0.15810,0.13439,0.26614,0.37883,1.41303
63626385733303,7,54.23783,2.16747,4.60558,0.54141,0.19508,0.16664,0.28318,0.41582,1.35235
63626385733319,7,54.23783,2.16747,4.60558,0.54141,0.19508,0.16664,0.28318,0.41582,1.35235
63626385733353,7,54.23783,2.16747,4.60558,0.54141,0.19508,0.16664,0.28318,0.41582,1.35235
63626385733369,7,54.23783,2.16747,4.60558,0.54141,0.19508,0.16664,0.28318,0.41582,1.35235
63626385733403,7,56.69878,2.08894,4.56977,0.59309,0.21521,0.16967,0.26734,0.38813,1.31328
63626385733436,7,56.69878,2.08894,4.56977,0.59309,0.21521,0.16967,0.26734,0.38813,1.31328
63626385733453,7,56.69878,2.08894,4.56977,0.59309,0.21521,0.16967,0.26734,0.38813,1.31328
63626385733486,7,53.55772,1.84814,4.54108,0.61137,0.20308,0.14749,0.23879,0.36055,1.35163
63626385733502,7,53.55772,1.84814,4.54108,0.61137,0.20308,0.14749,0.23879,0.36055,1.35163
63626385733535,7,53.55772,1.84814,4.54108,0.61137,0.20308,0.14749,0.23879,0.36055,1.35163
63626385733568,7,53.55772,1.84814,4.54108,0.61137,0.20308,0.14749,0.23879,0.36055,1.35163
63626385733585,7,43.92547,2.07119,4.56148,0.54545,0.18207,0.16104,0.27438,0.38444,1.34342
63626385733618,7,43.92547,2.07119,4.56148,0.54545,0.18207,0.16104,0.27438,0.38444,1.34342
63626385733651,7,43.92547,2.07119,4.56148,0.54545,0.18207,0.16104,0.27438,0.38444,1.34342
63626385733667,7,43.92547,2.07119,4.56148,0.54545,0.18207,0.16104,0.27438,0.38444,1.34342
63626385733700,7,52.84771,2.10570,4.59691,0.51224,0.16008,0.14146,0.23968,0.35562,1.30389
63626385733717,7,52.84771,2.10570,4.59691,0.51224,0.16008,0.14146,0.23968,0.35562,1.30389
63626385733750,7,52.84771,2.10570,4.59691,0.51224,0.16008,0.14146,0.23968,0.35562,1.30389
63626385733766,7,52.84771,2.10570,4.59691,0.51224,0.16008,0.14146,0.23968,0.35562,1.30389
63626385733801,7,54.22788,2.09835,4.60377,0.57721,0.17927,0.14369,0.23825,0.37889,1.28829
63626385733834,7,54.22788,2.09835,4.60377,0.57721,0.17927,0.14369,0.23825,0.37889,1.28829
63626385733850,7,54.22788,2.09835,4.60377,0.57721,0.17927,0.14369,0.23825,0.37889,1.28829
63626385733883,7,53.93405,2.32363,4.59751,0.73059,0.21436,0.17164,0.28442,0.38648,1.29983
63626385733900,7,53.93405,2.32363,4.59751,0.73059,0.21436,0.17164,0.28442,0.38648,1.29983
63626385733933,7,53.93405,2.32363,4.59751,0.73059,0.21436,0.17164,0.28442,0.38648,1.29983
63626385733949,7,53.93405,2.32363,4.59751,0.73059,0.21436,0.17164,0.28442,0.38648,1.29983
63626385733982,7,62.94501,2.47936,4.62802,0.76246,0.22181,0.16557,0.27973,0.39592,1.34220
63626385734016,7,62.94501,2.47936,4.62802,0.76246,0.22181,0.16557,0.27973,0.39592,1.34220
63626385734032,7,62.94501,2.47936,4.62802,0.76246,0.22181,0.16557,0.27973,0.39592,1.34220
63626385734065,7,62.94501,2.47936,4.62802,0.76246,0.22181,0.16557,0.27973,0.39592,1.34220
63626385734098,7,69.17423,2.28929,4.61958,0.69733,0.21639,0.14057,0.26009,0.32827,1.38817
63626385734115,7,69.17423,2.28929,4.61958,0.69733,0.21639,0.14057,0.26009,0.32827,1.38817
63626385734148,7,69.17423,2.28929,4.61958,0.69733,0.21639,0.14057,0.26009,0.32827,1.38817
63626385734165,7,69.17423,2.28929,4.61958,0.69733,0.21639,0.14057,0.26009,0.32827,1.38817
63626385734198,7,61.57174,2.03300,4.57814,0.73021,0.20381,0.14598,0.26884,0.33635,1.42401
63626385734232,7,61.57174,2.03300,4.57814,0.73021,0.20381,0.14598,0.26884,0.33635,1.42401
63626385734248,7,61.57174,2.03300,4.57814,0.73021,0.20381,0.14598,0.26884,0.33635,1.42401
63626385734281,7,51.31981,1.76961,4.57734,0.72251,0.19006,0.16175,0.29152,0.40258,1.40370
63626385734297,7,51.31981,1.76961,4.57734,0.72251,0.19006,0.16175,0.29152,0.40258,1.40370
63626385734330,7,51.31981,1.76961,4.57734,0.72251,0.19006,0.16175,0.29152,0.40258,1.40370
63626385734363,7,51.31981,1.76961,4.57734,0.72251,0.19006,0.16175,0.29152,0.40258,1.40370
63626385734380,7,40.78454,1.70345,4.58803,0.69360,0.19278,0.14591,0.28177,0.37893,1.37885
63626385734413,7,40.78454,1.70345,4.58803,0.69360,0.19278,0.14591,0.28177,0.37893,1.37885
63626385734429,7,40.78454,1.70345,4.58803,0.69360,0.19278,0.14591,0.28177,0.37893,1.37885
63626385734462,7,40.78454,1.70345,4.58803,0.69360,0.19278,0.14591,0.28177,0.37893,1.37885
63626385734479,7,38.138,1.85628,4.62496,0.65979,0.17520,0.14873,0.28332,0.39139,1.39951
63626385734513,7,38.138,1.85628,4.62496,0.65979,0.17520,0.14873,0.28332,0.39139,1.39951
63626385734546,7,38.138,1.85628,4.62496,0.65979,0.17520,0.14873,0.28332,0.39139,1.39951
63626385734563,7,38.138,1.85628,4.62496,0.65979,0.17520,0.14873,0.28332,0.39139,1.39951
63626385734596,7,44.25111,2.12419,4.63159,0.71095,0.18201,0.14479,0.28055,0.40504,1.41496
63626385734612,7,44.25111,2.12419,4.63159,0.71095,0.18201,0.14479,0.28055,0.40504,1.41496
63626385734645,7,44.25111,2.12419,4.63159,0.71095,0.18201,0.14479,0.28055,0.40504,1.41496
63626385734678,7,44.25111,2.12419,4.63159,0.71095,0.18201,0.14479,0.28055,0.40504,1.41496
63626385734695,7,54.96768,2.02095,4.61127,0.75812,0.19735,0.14124,0.26559,0.41285,1.39519
63626385734728,7,54.96768,2.02095,4.61127,0.75812,0.19735,0.14124,0.26559,0.41285,1.39519
63626385734745,7,54.96768,2.02095,4.61127,0.75812,0.19735,0.14124,0.26559,0.41285,1.39519
63626385734777,7,54.96768,2.02095,4.61127,0.75812,0.19735,0.14124,0.26559,0.41285,1.39519
63626385734794,7,50.83789,1.91589,4.59046,0.73973,0.18917,0.13700,0.24529,0.39000,1.34137
63626385734827,7,50.83789,1.91589,4.59046,0.73973,0.18917,0.13700,0.24529,0.39000,1.34137
63626385734860,7,50.83789,1.91589,4.59046,0.73973,0.18917,0.13700,0.24529,0.39000,1.34137
63626385734876,7,46.63567,1.91828,4.58787,0.67381,0.16736,0.12727,0.24513,0.32312,1.35455
63626385734911,7,46.63567,1.91828,4.58787,0.67381,0.16736,0.12727,0.24513,0.32312,1.35455
63626385734927,7,46.63567,1.91828,4.58787,0.67381,0.16736,0.12727,0.24513,0.32312,1.35455
63626385734961,7,46.63567,1.91828,4.58787,0.67381,0.16736,0.12727,0.24513,0.32312,1.35455
63626385734993,7,46.73122,2.09376,4.60394,0.58828,0.17022,0.12767,0.26163,0.34408,1.36761
63626385735010,7,46.73122,2.09376,4.60394,0.58828,0.17022,0.12767,0.26163,0.34408,1.36761
63626385735043,7,46.73122,2.09376,4.60394,0.58828,0.17022,0.12767,0.26163,0.34408,1.36761
63626385735059,7,46.73122,2.09376,4.60394,0.58828,0.17022,0.12767,0.26163,0.34408,1.36761
63626385735092,7,53.75024,2.42115,4.59827,0.58546,0.21728,0.14539,0.25991,0.47828,1.37668
63626385735109,7,53.75024,2.42115,4.59827,0.58546,0.21728,0.14539,0.25991,0.47828,1.37668
63626385735142,7,53.75024,2.42115,4.59827,0.58546,0.21728,0.14539,0.25991,0.47828,1.37668
63626385735175,7,53.75024,2.42115,4.59827,0.58546,0.21728,0.14539,0.25991,0.47828,1.37668
63626385735192,7,66.84606,2.22620,4.59654,0.61472,0.21278,0.16897,0.27684,0.49351,1.40521
63626385735225,7,66.84606,2.22620,4.59654,0.61472,0.21278,0.16897,0.27684,0.49351,1.40521
63626385735258,7,66.84606,2.22620,4.59654,0.61472,0.21278,0.16897,0.27684,0.49351,1.40521
63626385735276,7,66.84606,2.22620,4.59654,0.61472,0.21278,0.16897,0.27684,0.49351,1.40521
63626385735308,7,59.04794,1.69620,4.58230,0.56463,0.16548,0.14067,0.24314,0.32904,1.42492
63626385735324,7,59.04794,1.69620,4.58230,0.56463,0.16548,0.14067,0.24314,0.32904,1.42492
63626385735358,7,59.04794,1.69620,4.58230,0.56463,0.16548,0.14067,0.24314,0.32904,1.42492
63626385735374,7,37.84784,1.78068,4.57777,0.62037,0.18291,0.13890,0.25389,0.33461,1.39338
63626385735407,7,37.84784,1.78068,4.57777,0.62037,0.18291,0.13890,0.25389,0.33461,1.39338
63626385735440,7,37.84784,1.78068,4.57777,0.62037,0.18291,0.13890,0.25389,0.33461,1.39338
63626385735457,7,37.84784,1.78068,4.57777,0.62037,0.18291,0.13890,0.25389,0.33461,1.39338
63626385735490,7,41.22718,2.41078,4.59074,0.74092,0.22398,0.16977,0.31123,0.42744,1.40894
63626385735507,7,41.22718,2.41078,4.59074,0.74092,0.22398,0.16977,0.31123,0.42744,1.40894
63626385735539,7,41.22718,2.41078,4.59074,0.74092,0.22398,0.16977,0.31123,0.42744,1.40894
63626385735556,7,41.22718,2.41078,4.59074,0.74092,0.22398,0.16977,0.31123,0.42744,1.40894
63626385735590,7,66.43114,2.55131,4.57939,0.68653,0.22846,0.16023,0.28900,0.43225,1.44048
63626385735623,7,66.43114,2.55131,4.57939,0.68653,0.22846,0.16023,0.28900,0.43225,1.44048
63626385735640,7,66.43114,2.55131,4.57939,0.68653,0.22846,0.16023,0.28900,0.43225,1.44048
63626385735673,7,66.43114,2.55131,4.57939,0.68653,0.22846,0.16023,0.28900,0.43225,1.44048
63626385735689,7,70,2.10161,4.55673,0.70853,0.21488,0.15446,0.25593,0.36189,1.38166
63626385735722,7,70,2.10161,4.55673,0.70853,0.21488,0.15446,0.25593,0.36189,1.38166
63626385735739,7,70,2.10161,4.55673,0.70853,0.21488,0.15446,0.25593,0.36189,1.38166
63626385735772,7,70,2.10161,4.55673,0.70853,0.21488,0.15446,0.25593,0.36189,1.38166
63626385735805,7,54.06458,1.88340,4.55155,0.68670,0.18269,0.14623,0.23539,0.32084,1.36736
63626385735821,7,54.06458,1.88340,4.55155,0.68670,0.18269,0.14623,0.23539,0.32084,1.36736
63626385735855,7,54.06458,1.88340,4.55155,0.68670,0.18269,0.14623,0.23539,0.32084,1.36736
63626385735871,7,54.06458,1.88340,4.55155,0.68670,0.18269,0.14623,0.23539,0.32084,1.36736
63626385735904,7,45.33592,2.09541,4.59218,0.61253,0.18759,0.15424,0.25546,0.41156,1.41923
63626385735937,7,45.33592,2.09541,4.59218,0.61253,0.18759,0.15424,0.25546,0.41156,1.41923
63626385735954,7,45.33592,2.09541,4.59218,0.61253,0.18759,0.15424,0.25546,0.41156,1.41923
63626385735986,7,53.81637,1.97892,4.61519,0.66391,0.20671,0.16226,0.27231,0.43044,1.41055
63626385736019,7,53.81637,1.97892,4.61519,0.66391,0.20671,0.16226,0.27231,0.43044,1.41055
63626385736037,7,53.81637,1.97892,4.61519,0.66391,0.20671,0.16226,0.27231,0.43044,1.41055
63626385736071,7,53.81637,1.97892,4.61519,0.66391,0.20671,0.16226,0.27231,0.43044,1.41055
63626385736086,7,49.1568,2.10956,4.55607,0.69926,0.19774,0.15852,0.25298,0.43648,1.38366
63626385736120,7,49.1568,2.10956,4.55607,0.69926,0.19774,0.15852,0.25298,0.43648,1.38366
63626385736136,7,49.1568,2.10956,4.55607,0.69926,0.19774,0.15852,0.25298,0.43648,1.38366
63626385736170,7,49.1568,2.10956,4.55607,0.69926,0.19774,0.15852,0.25298,0.43648,1.38366
63626385736202,7,54.38246,2.25859,4.53836,0.71867,0.20418,0.16163,0.26596,0.41871,1.38752
63626385736219,7,54.38246,2.25859,4.53836,0.71867,0.20418,0.16163,0.26596,0.41871,1.38752
63626385736252,7,54.38246,2.25859,4.53836,0.71867,0.20418,0.16163,0.26596,0.41871,1.38752
63626385736285,7,54.38246,2.25859,4.53836,0.71867,0.20418,0.16163,0.26596,0.41871,1.38752
63626385736301,7,60.34376,2.20511,4.57422,0.72604,0.19820,0.14775,0.27511,0.35526,1.37907
63626385736334,7,60.34376,2.20511,4.57422,0.72604,0.19820,0.14775,0.27511,0.35526,1.37907
63626385736352,7,60.34376,2.20511,4.57422,0.72604,0.19820,0.14775,0.27511,0.35526,1.37907
63626385736386,7,58.20454,2.39756,4.59842,0.78029,0.21622,0.16313,0.27639,0.44035,1.40339
63626385736419,7,58.20454,2.39756,4.59842,0.78029,0.21622,0.16313,0.27639,0.44035,1.40339
63626385736434,7,58.20454,2.39756,4.59842,0.78029,0.21622,0.16313,0.27639,0.44035,1.40339
63626385736468,7,58.20454,2.39756,4.59842,0.78029,0.21622,0.16313,0.27639,0.44035,1.40339
63626385736484,7,65.90237,2.37289,4.56399,0.80567,0.23456,0.17438,0.27101,0.48291,1.37999
63626385736518,7,65.90237,2.37289,4.56399,0.80567,0.23456,0.17438,0.27101,0.48291,1.37999
63626385736534,7,65.90237,2.37289,4.56399,0.80567,0.23456,0.17438,0.27101,0.48291,1.37999
63626385736567,7,65.90237,2.37289,4.56399,0.80567,0.23456,0.17438,0.27101,0.48291,1.37999
63626385736583,7,64.91577,2.02997,4.57166,0.70926,0.18746,0.14113,0.25604,0.36288,1.41649
63626385736616,7,64.91577,2.02997,4.57166,0.70926,0.18746,0.14113,0.25604,0.36288,1.41649
63626385736650,7,64.91577,2.02997,4.57166,0.70926,0.18746,0.14113,0.25604,0.36288,1.41649
63626385736666,7,64.91577,2.02997,4.57166,0.70926,0.18746,0.14113,0.25604,0.36288,1.41649
63626385736699,7,51.1988,1.79029,4.62454,0.61615,0.16668,0.15111,0.28751,0.35458,1.41002
63626385736715,7,51.1988,1.79029,4.62454,0.61615,0.16668,0.15111,0.28751,0.35458,1.41002
63626385736749,7,51.1988,1.79029,4.62454,0.61615,0.16668,0.15111,0.28751,0.35458,1.41002
63626385736782,7,51.1988,1.79029,4.62454,0.61615,0.16668,0.15111,0.28751,0.35458,1.41002
63626385736815,7,41.61153,1.98238,4.62228,0.60722,0.18900,0.17443,0.30092,0.39973,1.36493
63626385736833,7,41.61153,1.98238,4.62228,0.60722,0.18900,0.17443,0.30092,0.39973,1.36493
63626385736849,7,41.61153,1.98238,4.62228,0.60722,0.18900,0.17443,0.30092,0.39973,1.36493
63626385736882,7,49.2953,2.12193,4.60348,0.58234,0.18967,0.15503,0.29404,0.37346,1.35713
63626385736915,7,49.2953,2.12193,4.60348,0.58234,0.18967,0.15503,0.29404,0.37346,1.35713
63626385736931,7,49.2953,2.12193,4.60348,0.58234,0.18967,0.15503,0.29404,0.37346,1.35713
63626385736965,7,49.2953,2.12193,4.60348,0.58234,0.18967,0.15503,0.29404,0.37346,1.35713
63626385736997,7,54.87729,1.98998,4.56809,0.56199,0.19625,0.13138,0.26860,0.37070,1.35423
63626385737014,7,54.87729,1.98998,4.56809,0.56199,0.19625,0.13138,0.26860,0.37070,1.35423
63626385737047,7,54.87729,1.98998,4.56809,0.56199,0.19625,0.13138,0.26860,0.37070,1.35423
63626385737064,7,54.87729,1.98998,4.56809,0.56199,0.19625,0.13138,0.26860,0.37070,1.35423
63626385737097,7,49.59932,2.08334,4.56905,0.64722,0.21573,0.14754,0.26351,0.41147,1.39290
63626385737113,7,49.59932,2.08334,4.56905,0.64722,0.21573,0.14754,0.26351,0.41147,1.39290
63626385737147,7,49.59932,2.08334,4.56905,0.64722,0.21573,0.14754,0.26351,0.41147,1.39290
63626385737180,7,49.59932,2.08334,4.56905,0.64722,0.21573,0.14754,0.26351,0.41147,1.39290
63626385737196,7,53.33369,2.12281,4.60548,0.61826,0.17855,0.15037,0.29181,0.39231,1.40286
63626385737229,7,53.33369,2.12281,4.60548,0.61826,0.17855,0.15037,0.29181,0.39231,1.40286
63626385737262,7,53.33369,2.12281,4.60548,0.61826,0.17855,0.15037,0.29181,0.39231,1.40286
63626385737279,7,54.91253,1.78949,4.60406,0.56324,0.14418,0.12711,0.29181,0.38828,1.41750
63626385737312,7,54.91253,1.78949,4.60406,0.56324,0.14418,0.12711,0.29181,0.38828,1.41750
63626385737329,7,54.91253,1.78949,4.60406,0.56324,0.14418,0.12711,0.29181,0.38828,1.41750
63626385737362,7,54.91253,1.78949,4.60406,0.56324,0.14418,0.12711,0.29181,0.38828,1.41750
63626385737378,7,41.57961,1.72500,4.60578,0.59948,0.15873,0.14116,0.31296,0.40115,1.39424
63626385737411,7,41.57961,1.72500,4.60578,0.59948,0.15873,0.14116,0.31296,0.40115,1.39424
63626385737444,7,41.57961,1.72500,4.60578,0.59948,0.15873,0.14116,0.31296,0.40115,1.39424
63626385737461,7,41.57961,1.72500,4.60578,0.59948,0.15873,0.14116,0.31296,0.40115,1.39424
63626385737495,7,38.99985,1.89510,4.61772,0.67940,0.21634,0.15088,0.31182,0.42455,1.44359
63626385737528,7,38.99985,1.89510,4.61772,0.67940,0.21634,0.15088,0.31182,0.42455,1.44359
63626385737544,7,38.99985,1.89510,4.61772,0.67940,0.21634,0.15088,0.31182,0.42455,1.44359
63626385737578,7,38.99985,1.89510,4.61772,0.67940,0.21634,0.15088,0.31182,0.42455,1.44359
63626385737594,7,45.80407,2.11661,4.58907,0.78425,0.24135,0.16647,0.32218,0.49656,1.45199
63626385737627,7,45.80407,2.11661,4.58907,0.78425,0.24135,0.16647,0.32218,0.49656,1.45199
63626385737644,7,45.80407,2.11661,4.58907,0.78425,0.24135,0.16647,0.32218,0.49656,1.45199
63626385737677,7,45.80407,2.11661,4.58907,0.78425,0.24135,0.16647,0.32218,0.49656,1.45199
63626385737694,7,54.66448,2.26314,4.61316,0.70156,0.22516,0.17965,0.32741,0.46681,1.35641
63626385737743,7,54.66448,2.26314,4.61316,0.70156,0.22516,0.17965,0.32741,0.46681,1.35641
63626385737760,7,54.66448,2.26314,4.61316,0.70156,0.22516,0.17965,0.32741,0.46681,1.35641
63626385737776,7,60.52577,2.27148,4.61968,0.65942,0.22497,0.17995,0.30191,0.43298,1.36179
63626385737809,7,60.52577,2.27148,4.61968,0.65942,0.22497,0.17995,0.30191,0.43298,1.36179
63626385737859,7,60.52577,2.27148,4.61968,0.65942,0.22497,0.17995,0.30191,0.43298,1.36179
63626385737893,7,60.85913,1.94114,4.58608,0.66454,0.18649,0.17983,0.31041,0.41462,1.36576
63626385737909,7,60.85913,1.94114,4.58608,0.66454,0.18649,0.17983,0.31041,0.41462,1.36576
63626385737942,7,60.85913,1.94114,4.58608,0.66454,0.18649,0.17983,0.31041,0.41462,1.36576
63626385737959,7,60.85913,1.94114,4.58608,0.66454,0.18649,0.17983,0.31041,0.41462,1.36576
63626385737992,7,47.64562,2.05019,4.56582,0.70510,0.20410,0.18382,0.33363,0.47468,1.41401
63626385738025,7,47.64562,2.05019,4.56582,0.70510,0.20410,0.18382,0.33363,0.47468,1.41401
63626385738042,7,47.64562,2.05019,4.56582,0.70510,0.20410,0.18382,0.33363,0.47468,1.41401
63626385738075,7,47.64562,2.05019,4.56582,0.70510,0.20410,0.18382,0.33363,0.47468,1.41401
63626385738091,7,52.00751,2.37223,4.53510,0.80774,0.21395,0.18553,0.34026,0.49594,1.43671
63626385738124,7,52.00751,2.37223,4.53510,0.80774,0.21395,0.18553,0.34026,0.49594,1.43671
63626385738140,7,52.00751,2.37223,4.53510,0.80774,0.21395,0.18553,0.34026,0.49594,1.43671
63626385738174,7,52.00751,2.37223,4.53510,0.80774,0.21395,0.18553,0.34026,0.49594,1.43671
63626385738207,7,64.88934,2.16294,4.52952,0.78932,0.22150,0.19120,0.31371,0.41992,1.32660
63626385738224,7,64.88934,2.16294,4.52952,0.78932,0.22150,0.19120,0.31371,0.41992,1.32660
63626385738256,7,64.88934,2.16294,4.52952,0.78932,0.22150,0.19120,0.31371,0.41992,1.32660
63626385738274,7,56.51741,2.16928,4.56704,0.80572,0.24984,0.21442,0.30235,0.43539,1.35364
63626385738307,7,56.51741,2.16928,4.56704,0.80572,0.24984,0.21442,0.30235,0.43539,1.35364
63626385738323,7,56.51741,2.16928,4.56704,0.80572,0.24984,0.21442,0.30235,0.43539,1.35364
63626385738356,7,56.51741,2.16928,4.56704,0.80572,0.24984,0.21442,0.30235,0.43539,1.35364
63626385738389,7,56.77111,2.13356,4.57933,0.85600,0.23418,0.19943,0.29241,0.42265,1.42127
63626385738406,7,56.77111,2.13356,4.57933,0.85600,0.23418,0.19943,0.29241,0.42265,1.42127
63626385738439,7,56.77111,2.13356,4.57933,0.85600,0.23418,0.19943,0.29241,0.42265,1.42127
63626385738455,7,56.77111,2.13356,4.57933,0.85600,0.23418,0.19943,0.29241,0.42265,1.42127
63626385738489,7,55.34221,1.83753,4.55934,0.77372,0.20277,0.14669,0.28261,0.36074,1.37614
63626385738505,7,55.34221,1.83753,4.55934,0.77372,0.20277,0.14669,0.28261,0.36074,1.37614
63626385738538,7,55.34221,1.83753,4.55934,0.77372,0.20277,0.14669,0.28261,0.36074,1.37614
63626385738571,7,55.34221,1.83753,4.55934,0.77372,0.20277,0.14669,0.28261,0.36074,1.37614
63626385738588,7,43.50114,1.80981,4.56468,0.75271,0.18835,0.16085,0.30209,0.37772,1.36653
63626385738622,7,43.50114,1.80981,4.56468,0.75271,0.18835,0.16085,0.30209,0.37772,1.36653
63626385738639,7,43.50114,1.80981,4.56468,0.75271,0.18835,0.16085,0.30209,0.37772,1.36653
63626385738671,7,43.50114,1.80981,4.56468,0.75271,0.18835,0.16085,0.30209,0.37772,1.36653
63626385738705,7,42.3925,1.89272,4.55930,0.65828,0.18226,0.16907,0.31282,0.31988,1.36729
63626385738721,7,42.3925,1.89272,4.55930,0.65828,0.18226,0.16907,0.31282,0.31988,1.36729
63626385738754,7,42.3925,1.89272,4.55930,0.65828,0.18226,0.16907,0.31282,0.31988,1.36729
63626385738771,7,42.3925,1.89272,4.55930,0.65828,0.18226,0.16907,0.31282,0.31988,1.36729
63626385738804,7,45.70889,1.91379,4.59026,0.53510,0.17467,0.11975,0.25546,0.26056,1.40330
63626385738837,7,45.70889,1.91379,4.59026,0.53510,0.17467,0.11975,0.25546,0.26056,1.40330
63626385738853,7,45.70889,1.91379,4.59026,0.53510,0.17467,0.11975,0.25546,0.26056,1.40330
63626385738886,7,46.55159,1.98108,4.64979,0.65009,0.17176,0.13469,0.25008,0.30297,1.42562
63626385738902,7,46.55159,1.98108,4.64979,0.65009,0.17176,0.13469,0.25008,0.30297,1.42562
63626385738936,7,46.55159,1.98108,4.64979,0.65009,0.17176,0.13469,0.25008,0.30297,1.42562
63626385738969,7,46.55159,1.98108,4.64979,0.65009,0.17176,0.13469,0.25008,0.30297,1.42562
63626385738985,7,49.24311,2.04383,4.64563,0.70756,0.17242,0.16470,0.29649,0.36632,1.41670
63626385739002,7,49.24311,2.04383,4.64563,0.70756,0.17242,0.16470,0.29649,0.36632,1.41670
63626385739035,7,49.24311,2.04383,4.64563,0.70756,0.17242,0.16470,0.29649,0.36632,1.41670
63626385739069,7,49.24311,2.04383,4.64563,0.70756,0.17242,0.16470,0.29649,0.36632,1.41670
63626385739085,7,51.75301,2.11641,4.60622,0.67633,0.17973,0.15676,0.31919,0.42158,1.44364
63626385739119,7,51.75301,2.11641,4.60622,0.67633,0.17973,0.15676,0.31919,0.42158,1.44364
63626385739135,7,51.75301,2.11641,4.60622,0.67633,0.17973,0.15676,0.31919,0.42158,1.44364
63626385739168,7,51.75301,2.11641,4.60622,0.67633,0.17973,0.15676,0.31919,0.42158,1.44364
63626385739201,7,54.65648,1.97898,4.58709,0.64419,0.18087,0.16275,0.34314,0.44844,1.38302
63626385739217,7,54.65648,1.97898,4.58709,0.64419,0.18087,0.16275,0.34314,0.44844,1.38302
63626385739251,7,54.65648,1.97898,4.58709,0.64419,0.18087,0.16275,0.34314,0.44844,1.38302
63626385739267,7,54.65648,1.97898,4.58709,0.64419,0.18087,0.16275,0.34314,0.44844,1.38302
63626385739300,7,49.15921,1.88197,4.59037,0.63476,0.18642,0.17774,0.28420,0.43040,1.35629
63626385739317,7,49.15921,1.88197,4.59037,0.63476,0.18642,0.17774,0.28420,0.43040,1.35629
63626385739351,7,49.15921,1.88197,4.59037,0.63476,0.18642,0.17774,0.28420,0.43040,1.35629
63626385739384,7,45.27897,1.98374,4.60332,0.62340,0.19195,0.16216,0.22644,0.36708,1.40201
63626385739400,7,45.27897,1.98374,4.60332,0.62340,0.19195,0.16216,0.22644,0.36708,1.40201
63626385739433,7,45.27897,1.98374,4.60332,0.62340,0.19195,0.16216,0.22644,0.36708,1.40201
63626385739449,7,45.27897,1.98374,4.60332,0.62340,0.19195,0.16216,0.22644,0.36708,1.40201
63626385739483,7,49.34971,2.08994,4.64076,0.66573,0.21423,0.15073,0.23255,0.33127,1.48762
63626385739516,7,49.34971,2.08994,4.64076,0.66573,0.21423,0.15073,0.23255,0.33127,1.48762
63626385739532,7,49.34971,2.08994,4.64076,0.66573,0.21423,0.15073,0.23255,0.33127,1.48762
63626385739565,7,49.34971,2.08994,4.64076,0.66573,0.21423,0.15073,0.23255,0.33127,1.48762
63626385739582,7,53.59758,1.87312,4.64618,0.76524,0.22235,0.18307,0.28766,0.32553,1.56317
63626385739615,7,53.59758,1.87312,4.64618,0.76524,0.22235,0.18307,0.28766,0.32553,1.56317
63626385739631,7,53.59758,1.87312,4.64618,0.76524,0.22235,0.18307,0.28766,0.32553,1.56317
63626385739664,7,53.59758,1.87312,4.64618,0.76524,0.22235,0.18307,0.28766,0.32553,1.56317
63626385739698,7,44.92477,1.83694,4.57803,0.75382,0.22469,0.19515,0.35220,0.41107,1.49004
63626385739715,7,44.92477,1.83694,4.57803,0.75382,0.22469,0.19515,0.35220,0.41107,1.49004
63626385739748,7,44.92477,1.83694,4.57803,0.75382,0.22469,0.19515,0.35220,0.41107,1.49004
63626385739765,7,44.92477,1.83694,4.57803,0.75382,0.22469,0.19515,0.35220,0.41107,1.49004
63626385739798,7,43.47746,2.34804,4.56921,0.69860,0.22465,0.18278,0.33867,0.51838,1.38854
63626385739831,7,43.47746,2.34804,4.56921,0.69860,0.22465,0.18278,0.33867,0.51838,1.38854
63626385739847,7,43.47746,2.34804,4.56921,0.69860,0.22465,0.18278,0.33867,0.51838,1.38854
63626385739880,7,43.47746,2.34804,4.56921,0.69860,0.22465,0.18278,0.33867,0.51838,1.38854
63626385739897,7,63.92178,2.61103,4.56786,0.69078,0.21124,0.17031,0.31218,0.40447,1.43002
63626385739930,7,63.92178,2.61103,4.56786,0.69078,0.21124,0.17031,0.31218,0.40447,1.43002
63626385739947,7,63.92178,2.61103,4.56786,0.69078,0.21124,0.17031,0.31218,0.40447,1.43002
63626385739979,7,63.92178,2.61103,4.56786,0.69078,0.21124,0.17031,0.31218,0.40447,1.43002
63626385740012,7,70,2.26287,4.60650,0.68971,0.22873,0.16032,0.28210,0.28854,1.46100
63626385740029,7,70,2.26287,4.60650,0.68971,0.22873,0.16032,0.28210,0.28854,1.46100
63626385740062,7,70,2.26287,4.60650,0.68971,0.22873,0.16032,0.28210,0.28854,1.46100
63626385740079,7,60.51494,1.87940,4.64790,0.67219,0.22417,0.16182,0.28276,0.36884,1.43911
63626385740112,7,60.51494,1.87940,4.64790,0.67219,0.22417,0.16182,0.28276,0.36884,1.43911
63626385740145,7,60.51494,1.87940,4.64790,0.67219,0.22417,0.16182,0.28276,0.36884,1.43911
63626385740163,7,60.51494,1.87940,4.64790,0.67219,0.22417,0.16182,0.28276,0.36884,1.43911
63626385740195,7,45.17591,1.71832,4.60080,0.68808,0.22468,0.19404,0.28437,0.37300,1.51136
63626385740211,7,45.17591,1.71832,4.60080,0.68808,0.22468,0.19404,0.28437,0.37300,1.51136
63626385740245,7,45.17591,1.71832,4.60080,0.68808,0.22468,0.19404,0.28437,0.37300,1.51136
63626385740278,7,45.17591,1.71832,4.60080,0.68808,0.22468,0.19404,0.28437,0.37300,1.51136
63626385740311,7,38.73296,1.53708,4.54963,0.65776,0.20723,0.18496,0.21662,0.30225,1.47830
63626385740331,7,38.73296,1.53708,4.54963,0.65776,0.20723,0.18496,0.21662,0.30225,1.47830
63626385740360,7,38.73296,1.53708,4.54963,0.65776,0.20723,0.18496,0.21662,0.30225,1.47830
63626385740377,7,31.48311,1.19657,4.52755,0.50205,0.12771,0.12150,0.16757,0.24764,1.48499
63626385740410,7,31.48311,1.19657,4.52755,0.50205,0.12771,0.12150,0.16757,0.24764,1.48499
63626385740427,7,31.48311,1.19657,4.52755,0.50205,0.12771,0.12150,0.16757,0.24764,1.48499
63626385740460,7,31.48311,1.19657,4.52755,0.50205,0.12771,0.12150,0.16757,0.24764,1.48499
63626385740493,7,17.86294,0.56361,4.31626,0.22440,0.06017,0.08020,0.13387,0.18322,1.63090
63626385740510,7,17.86294,0.56361,4.31626,0.22440,0.06017,0.08020,0.13387,0.18322,1.63090
63626385740543,7,17.86294,0.56361,4.31626,0.22440,0.06017,0.08020,0.13387,0.18322,1.63090
63626385740560,7,17.86294,0.56361,4.31626,0.22440,0.06017,0.08020,0.13387,0.18322,1.63090
63626385740593,0,17.86294,0.09278,4.00478,0.05509,0.02691,0.06286,0.09373,0.14221,1.79429
63626385740610,0,17.86294,0.09278,4.00478,0.05509,0.02691,0.06286,0.09373,0.14221,1.79429
63626385740642,0,17.86294,0.09278,4.00478,0.05509,0.02691,0.06286,0.09373,0.14221,1.79429
63626385740675,0,17.86294,0.09278,4.00478,0.05509,0.02691,0.06286,0.09373,0.14221,1.79429
63626385740692,0,17.86294,0.03320,2.30384,0.10160,0.03687,0.06830,0.10853,0.15054,2.10868
63626385740725,0,17.86294,0.03320,2.30384,0.10160,0.03687,0.06830,0.10853,0.15054,2.10868
63626385740742,0,17.86294,0.03320,2.30384,0.10160,0.03687,0.06830,0.10853,0.15054,2.10868
63626385740775,0,17.86294,0.03320,2.30384,0.10160,0.03687,0.06830,0.10853,0.15054,2.10868
63626385740808,0,17.86294,0.03392,0.44727,0.11380,0.04020,0.05166,0.10039,0.16895,2.97234
63626385740825,0,17.86294,0.03392,0.44727,0.11380,0.04020,0.05166,0.10039,0.16895,2.97234
63626385740857,0,17.86294,0.03392,0.44727,0.11380,0.04020,0.05166,0.10039,0.16895,2.97234
63626385740875,0,17.86294,0.07810,0.14469,0.06914,0.03134,0.03866,0.08930,0.21781,3.93972
63626385740908,0,17.86294,0.07810,0.14469,0.06914,0.03134,0.03866,0.08930,0.21781,3.93972
63626385740924,0,17.86294,0.07810,0.14469,0.06914,0.03134,0.03866,0.08930,0.21781,3.93972
63626385740957,0,17.86294,0.07810,0.14469,0.06914,0.03134,0.03866,0.08930,0.21781,3.93972
63626385740990,0,17.86294,0.20751,0.22885,0.06722,0.03601,0.05643,0.11840,0.22829,3.64887
63626385741007,0,17.86294,0.20751,0.22885,0.06722,0.03601,0.05643,0.11840,0.22829,3.64887
63626385741040,0,17.86294,0.20751,0.22885,0.06722,0.03601,0.05643,0.11840,0.22829,3.64887
63626385741056,0,17.86294,0.20751,0.22885,0.06722,0.03601,0.05643,0.11840,0.22829,3.64887
63626385741089,0,17.86294,0.44526,0.36567,0.11097,0.05859,0.07017,0.13305,0.24111,3.01256
63626385741123,0,17.86294,0.44526,0.36567,0.11097,0.05859,0.07017,0.13305,0.24111,3.01256
63626385741156,0,17.86294,0.44526,0.36567,0.11097,0.05859,0.07017,0.13305,0.24111,3.01256
63626385741172,0,17.86294,0.48869,0.32370,0.10466,0.06824,0.06662,0.12434,0.23792,2.75811
63626385741206,0,17.86294,0.48869,0.32370,0.10466,0.06824,0.06662,0.12434,0.23792,2.75811
63626385741222,0,17.86294,0.48869,0.32370,0.10466,0.06824,0.06662,0.12434,0.23792,2.75811
63626385741255,0,17.86294,0.48869,0.32370,0.10466,0.06824,0.06662,0.12434,0.23792,2.75811
63626385741272,0,17.86294,0.44036,0.35957,0.08786,0.05614,0.05870,0.12151,0.19560,2.75313
63626385741305,0,17.86294,0.44036,0.35957,0.08786,0.05614,0.05870,0.12151,0.19560,2.75313
63626385741338,0,17.86294,0.44036,0.35957,0.08786,0.05614,0.05870,0.12151,0.19560,2.75313
63626385741354,0,17.86294,0.44036,0.35957,0.08786,0.05614,0.05870,0.12151,0.19560,2.75313
63626385741388,0,17.86294,0.45208,0.37839,0.23122,0.10094,0.05608,0.11749,0.21402,3.06441
63626385741404,0,17.86294,0.45208,0.37839,0.23122,0.10094,0.05608,0.11749,0.21402,3.06441
63626385741437,0,17.86294,0.45208,0.37839,0.23122,0.10094,0.05608,0.11749,0.21402,3.06441
63626385741471,0,17.86294,0.45208,0.37839,0.23122,0.10094,0.05608,0.11749,0.21402,3.06441
63626385741487,0,17.86294,0.39992,0.26686,0.25911,0.11244,0.04586,0.08397,0.20299,3.05359
63626385741520,0,17.86294,0.39992,0.26686,0.25911,0.11244,0.04586,0.08397,0.20299,3.05359
63626385741537,0,17.86294,0.39992,0.26686,0.25911,0.11244,0.04586,0.08397,0.20299,3.05359
63626385741571,0,17.86294,0.39992,0.26686,0.25911,0.11244,0.04586,0.08397,0.20299,3.05359
63626385741587,0,17.86294,0.43394,0.22973,0.19777,0.10001,0.03824,0.06484,0.12575,2.59683
63626385741620,0,17.86294,0.43394,0.22973,0.19777,0.10001,0.03824,0.06484,0.12575,2.59683
63626385741653,0,17.86294,0.43394,0.22973,0.19777,0.10001,0.03824,0.06484,0.12575,2.59683
63626385741670,0,17.86294,0.43394,0.22973,0.19777,0.10001,0.03824,0.06484,0.12575,2.59683
63626385741703,0,17.86294,0.46568,0.26319,0.26049,0.14316,0.05997,0.08091,0.07319,2.48692
63626385741736,0,17.86294,0.46568,0.26319,0.26049,0.14316,0.05997,0.08091,0.07319,2.48692
63626385741753,0,17.86294,0.46568,0.26319,0.26049,0.14316,0.05997,0.08091,0.07319,2.48692
63626385741785,0,17.86294,0.49618,0.32667,0.29021,0.16829,0.09442,0.10723,0.07611,1.98627
