63626385688405,101,27.0003,1.70609,0.90577,1.35746,0.99394,1.43708,0.03277,0.84478,3.56012
63626385688498,101,48.3146,2.34014,2.37127,3.17212,2.49132,3.22848,0.01335,0.78236,3.66866
63626385688517,101,48.3146,2.34014,2.37127,3.17212,2.49132,3.22848,0.01335,0.78236,3.66866
63626385688532,101,42.6049,0.93728,2.40562,3.62039,3.32321,3.60468,0.03316,0.60441,3.20281
63626385688565,101,42.6049,0.93728,2.40562,3.62039,3.32321,3.60468,0.03316,0.60441,3.20281
63626385688598,101,42.6049,0.93728,2.40562,3.62039,3.32321,3.60468,0.03316,0.60441,3.20281
63626385688614,101,42.6049,0.93728,2.40562,3.62039,3.32321,3.60468,0.03316,0.60441,3.20281
63626385688647,0,6.500504,0.28675,0.91440,1.96656,2.24435,2.20257,0.06012,1.14613,3.14100
63626385688664,0,6.500504,0.28675,0.91440,1.96656,2.24435,2.20257,0.06012,1.14613,3.14100
63626385688697,0,6.500504,0.28675,0.91440,1.96656,2.24435,2.20257,0.06012,1.14613,3.14100
63626385688730,0,6.500504,0.28675,0.91440,1.96656,2.24435,2.20257,0.06012,1.14613,3.14100
63626385688747,0,6.500504,0.28348,0.08993,0.19535,0.44067,0.41663,0.04933,0.57211,3.81774
63626385688781,0,6.500504,0.28348,0.08993,0.19535,0.44067,0.41663,0.04933,0.57211,3.81774
63626385688797,0,6.500504,0.28348,0.08993,0.19535,0.44067,0.41663,0.04933,0.57211,3.81774
63626385688830,0,6.500504,0.28348,0.08993,0.19535,0.44067,0.41663,0.04933,0.57211,3.81774
63626385688863,102,6.500504,0.23453,0.08278,0.02508,0.01733,0.02338,0.03430,0.04913,2.84594
63626385688903,102,6.500504,0.23453,0.08278,0.02508,0.01733,0.02338,0.03430,0.04913,2.84594
63626385688939,0,6.500504,0.24235,0.08141,0.02402,0.01666,0.02299,0.03567,0.05418,1.53374
63626385688972,0,6.500504,0.24235,0.08141,0.02402,0.01666,0.02299,0.03567,0.05418,1.53374
63626385688988,0,6.500504,0.24235,0.08141,0.02402,0.01666,0.02299,0.03567,0.05418,1.53374
63626385689021,0,6.500504,0.24235,0.08141,0.02402,0.01666,0.02299,0.03567,0.05418,1.53374
63626385689038,0,6.500504,0.27351,0.09895,0.03222,0.05855,0.06861,0.11746,0.05279,1.29864
63626385689071,0,6.500504,0.27351,0.09895,0.03222,0.05855,0.06861,0.11746,0.05279,1.29864
63626385689087,0,6.500504,0.27351,0.09895,0.03222,0.05855,0.06861,0.11746,0.05279,1.29864
63626385689121,0,6.500504,0.27351,0.09895,0.03222,0.05855,0.06861,0.11746,0.05279,1.29864
63626385689154,0,6.500504,0.24645,0.13299,0.06428,0.20581,0.27454,0.39595,0.05633,1.29617
63626385689171,0,6.500504,0.24645,0.13299,0.06428,0.20581,0.27454,0.39595,0.05633,1.29617
63626385689204,0,6.500504,0.24645,0.13299,0.06428,0.20581,0.27454,0.39595,0.05633,1.29617
63626385689237,0,6.500504,0.24645,0.13299,0.06428,0.20581,0.27454,0.39595,0.05633,1.29617
63626385689254,0,6.500504,0.18754,0.18583,0.16569,0.81429,1.08486,0.77148,0.06621,2.90160
63626385689287,0,6.500504,0.18754,0.18583,0.16569,0.81429,1.08486,0.77148,0.06621,2.90160
63626385689303,0,6.500504,0.18754,0.18583,0.16569,0.81429,1.08486,0.77148,0.06621,2.90160
63626385689336,0,6.500504,0.24040,0.43049,0.41940,2.32589,2.75242,1.60041,0.12823,4.30792
63626385689369,0,6.500504,0.24040,0.43049,0.41940,2.32589,2.75242,1.60041,0.12823,4.30792
63626385689386,0,6.500504,0.24040,0.43049,0.41940,2.32589,2.75242,1.60041,0.12823,4.30792
63626385689419,0,6.500504,0.24040,0.43049,0.41940,2.32589,2.75242,1.60041,0.12823,4.30792
63626385689436,0,6.500504,0.32035,0.86033,0.60941,3.30330,3.54285,2.22796,0.16649,3.14417
63626385689468,0,6.500504,0.32035,0.86033,0.60941,3.30330,3.54285,2.22796,0.16649,3.14417
63626385689502,0,6.500504,0.32035,0.86033,0.60941,3.30330,3.54285,2.22796,0.16649,3.14417
63626385689519,0,6.500504,0.32035,0.86033,0.60941,3.30330,3.54285,2.22796,0.16649,3.14417
63626385689552,6,15,0.32760,0.90114,0.61778,3.27148,2.87270,2.12754,0.15558,2.00332
63626385689569,6,15,0.32760,0.90114,0.61778,3.27148,2.87270,2.12754,0.15558,2.00332
63626385689601,6,15,0.32760,0.90114,0.61778,3.27148,2.87270,2.12754,0.15558,2.00332
63626385689619,6,15,0.32760,0.90114,0.61778,3.27148,2.87270,2.12754,0.15558,2.00332
63626385689651,6,30,0.28642,0.84773,0.59370,3.08515,2.80118,2.24913,0.14260,1.94140
63626385689684,6,30,0.28642,0.84773,0.59370,3.08515,2.80118,2.24913,0.14260,1.94140
63626385689701,6,30,0.28642,0.84773,0.59370,3.08515,2.80118,2.24913,0.14260,1.94140
63626385689734,6,45,0.29129,0.89244,0.55415,3.04702,3.16537,2.31524,0.12126,1.98952
63626385689750,6,45,0.29129,0.89244,0.55415,3.04702,3.16537,2.31524,0.12126,1.98952
63626385689783,6,45,0.29129,0.89244,0.55415,3.04702,3.16537,2.31524,0.12126,1.98952
63626385689816,6,45,0.29129,0.89244,0.55415,3.04702,3.16537,2.31524,0.12126,1.98952
63626385689833,6,60,0.31516,0.83117,0.57912,3.09316,2.97790,2.22136,0.13753,1.93665
63626385689867,6,60,0.31516,0.83117,0.57912,3.09316,2.97790,2.22136,0.13753,1.93665
63626385689884,6,60,0.31516,0.83117,0.57912,3.09316,2.97790,2.22136,0.13753,1.93665
63626385689917,6,60,0.31516,0.83117,0.57912,3.09316,2.97790,2.22136,0.13753,1.93665
63626385689933,6,75,0.29016,0.83585,0.56936,2.76612,2.85562,2.29622,0.13138,1.90776
63626385689966,6,75,0.29016,0.83585,0.56936,2.76612,2.85562,2.29622,0.13138,1.90776
63626385689999,6,75,0.29016,0.83585,0.56936,2.76612,2.85562,2.29622,0.13138,1.90776
63626385690032,6,75,0.29016,0.83585,0.56936,2.76612,2.85562,2.29622,0.13138,1.90776
63626385690049,6,75,0.30530,0.84606,0.56309,2.97513,2.94696,2.14264,0.12032,1.97404
63626385690082,6,75,0.30530,0.84606,0.56309,2.97513,2.94696,2.14264,0.12032,1.97404
63626385690098,6,75,0.30530,0.84606,0.56309,2.97513,2.94696,2.14264,0.12032,1.97404
63626385690131,6,75,0.30530,0.84606,0.56309,2.97513,2.94696,2.14264,0.12032,1.97404
63626385690148,6,75,0.30352,0.94690,0.60287,3.07867,2.57794,1.92096,0.14056,1.95536
63626385690181,6,75,0.30352,0.94690,0.60287,3.07867,2.57794,1.92096,0.14056,1.95536
63626385690199,6,75,0.30352,0.94690,0.60287,3.07867,2.57794,1.92096,0.14056,1.95536
63626385690231,6,75,0.26157,0.84073,0.52236,2.73435,2.23518,1.85424,0.12786,1.93948
63626385690264,6,75,0.26157,0.84073,0.52236,2.73435,2.23518,1.85424,0.12786,1.93948
63626385690281,6,75,0.26157,0.84073,0.52236,2.73435,2.23518,1.85424,0.12786,1.93948
63626385690314,6,75,0.26157,0.84073,0.52236,2.73435,2.23518,1.85424,0.12786,1.93948
63626385690347,6,75,0.24944,0.74571,0.50789,2.64436,2.15351,1.76760,0.11046,1.96358
63626385690363,6,75,0.24944,0.74571,0.50789,2.64436,2.15351,1.76760,0.11046,1.96358
63626385690380,6,75,0.24944,0.74571,0.50789,2.64436,2.15351,1.76760,0.11046,1.96358
63626385690413,6,75,0.24944,0.74571,0.50789,2.64436,2.15351,1.76760,0.11046,1.96358
63626385690446,6,75,0.30602,0.73897,0.48325,2.28590,2.13853,1.76780,0.10435,1.98565
63626385690463,6,75,0.30602,0.73897,0.48325,2.28590,2.13853,1.76780,0.10435,1.98565
63626385690496,6,75,0.30602,0.73897,0.48325,2.28590,2.13853,1.76780,0.10435,1.98565
63626385690512,6,75,0.30602,0.73897,0.48325,2.28590,2.13853,1.76780,0.10435,1.98565
63626385690546,6,66.43599,0.29963,0.67903,0.48044,2.60713,2.35023,1.67978,0.11897,2.04826
63626385690580,6,66.43599,0.29963,0.67903,0.48044,2.60713,2.35023,1.67978,0.11897,2.04826
63626385690596,6,66.43599,0.29963,0.67903,0.48044,2.60713,2.35023,1.67978,0.11897,2.04826
63626385690629,6,66.43599,0.29963,0.67903,0.48044,2.60713,2.35023,1.67978,0.11897,2.04826
63626385690645,6,75,0.28835,0.75416,0.53772,3.07547,2.51115,1.92772,0.13769,2.06291
63626385690679,6,75,0.28835,0.75416,0.53772,3.07547,2.51115,1.92772,0.13769,2.06291
63626385690712,6,75,0.28835,0.75416,0.53772,3.07547,2.51115,1.92772,0.13769,2.06291
63626385690728,6,75,0.28835,0.75416,0.53772,3.07547,2.51115,1.92772,0.13769,2.06291
63626385690761,6,75,0.32825,0.87455,0.52080,2.98014,2.60728,2.11935,0.12471,2.12153
63626385690777,6,75,0.32825,0.87455,0.52080,2.98014,2.60728,2.11935,0.12471,2.12153
63626385690811,6,75,0.32825,0.87455,0.52080,2.98014,2.60728,2.11935,0.12471,2.12153
63626385690827,6,75,0.32825,0.87455,0.52080,2.98014,2.60728,2.11935,0.12471,2.12153
63626385690860,6,75,0.34534,0.95099,0.52077,2.88982,2.66602,1.94365,0.12790,2.23924
63626385690894,6,75,0.34534,0.95099,0.52077,2.88982,2.66602,1.94365,0.12790,2.23924
63626385690911,6,75,0.34534,0.95099,0.52077,2.88982,2.66602,1.94365,0.12790,2.23924
63626385690944,6,75,0.35333,1.01326,0.54263,2.72307,2.50207,1.99462,0.14544,2.27175
63626385690961,6,75,0.35333,1.01326,0.54263,2.72307,2.50207,1.99462,0.14544,2.27175
63626385690994,6,75,0.35333,1.01326,0.54263,2.72307,2.50207,1.99462,0.14544,2.27175
63626385691027,6,75,0.35333,1.01326,0.54263,2.72307,2.50207,1.99462,0.14544,2.27175
63626385691043,6,75,0.34913,1.04774,0.58516,2.75267,2.49832,1.90846,0.14687,2.21506
63626385691076,6,75,0.34913,1.04774,0.58516,2.75267,2.49832,1.90846,0.14687,2.21506
63626385691092,6,75,0.34913,1.04774,0.58516,2.75267,2.49832,1.90846,0.14687,2.21506
63626385691126,6,75,0.34913,1.04774,0.58516,2.75267,2.49832,1.90846,0.14687,2.21506
63626385691159,6,75,0.35050,0.88338,0.55252,2.78740,2.40035,1.86098,0.13357,2.17272
63626385691175,6,75,0.35050,0.88338,0.55252,2.78740,2.40035,1.86098,0.13357,2.17272
63626385691208,6,75,0.35050,0.88338,0.55252,2.78740,2.40035,1.86098,0.13357,2.17272
63626385691225,6,75,0.29971,0.69903,0.52116,2.84589,2.05703,1.88182,0.12508,2.17838
63626385691257,6,75,0.29971,0.69903,0.52116,2.84589,2.05703,1.88182,0.12508,2.17838
63626385691290,6,75,0.29971,0.69903,0.52116,2.84589,2.05703,1.88182,0.12508,2.17838
63626385691307,6,75,0.29971,0.69903,0.52116,2.84589,2.05703,1.88182,0.12508,2.17838
63626385691341,6,75,0.31053,0.81742,0.51542,2.78425,2.04511,1.72917,0.11332,2.11147
63626385691358,6,75,0.31053,0.81742,0.51542,2.78425,2.04511,1.72917,0.11332,2.11147
63626385691391,6,75,0.31053,0.81742,0.51542,2.78425,2.04511,1.72917,0.11332,2.11147
63626385691424,6,75,0.31053,0.81742,0.51542,2.78425,2.04511,1.72917,0.11332,2.11147
63626385691440,6,75,0.38588,0.95981,0.53942,2.62017,2.53262,1.84052,0.11628,2.07927
63626385691473,6,75,0.38588,0.95981,0.53942,2.62017,2.53262,1.84052,0.11628,2.07927
63626385691506,6,75,0.38588,0.95981,0.53942,2.62017,2.53262,1.84052,0.11628,2.07927
63626385691523,6,75,0.38588,0.95981,0.53942,2.62017,2.53262,1.84052,0.11628,2.07927
63626385691556,6,75,0.36781,0.96233,0.62956,2.78478,2.95897,2.05069,0.13184,2.19967
63626385691572,6,75,0.36781,0.96233,0.62956,2.78478,2.95897,2.05069,0.13184,2.19967
63626385691606,6,75,0.36781,0.96233,0.62956,2.78478,2.95897,2.05069,0.13184,2.19967
63626385691622,6,75,0.36781,0.96233,0.62956,2.78478,2.95897,2.05069,0.13184,2.19967
63626385691656,6,75,0.35861,1.00891,0.73746,3.26390,2.97918,2.41421,0.14949,2.26035
63626385691672,6,75,0.35861,1.00891,0.73746,3.26390,2.97918,2.41421,0.14949,2.26035
63626385691706,6,75,0.35861,1.00891,0.73746,3.26390,2.97918,2.41421,0.14949,2.26035
63626385691739,6,75,0.41115,1.03088,0.65865,3.25370,3.13184,2.38006,0.14117,2.13440
63626385691755,6,75,0.41115,1.03088,0.65865,3.25370,3.13184,2.38006,0.14117,2.13440
63626385691788,6,75,0.41115,1.03088,0.65865,3.25370,3.13184,2.38006,0.14117,2.13440
63626385691805,6,75,0.41115,1.03088,0.65865,3.25370,3.13184,2.38006,0.14117,2.13440
63626385691838,6,75,0.48435,1.09328,0.61622,2.95187,2.99013,2.10014,0.12655,2.12484
63626385691871,6,75,0.48435,1.09328,0.61622,2.95187,2.99013,2.10014,0.12655,2.12484
63626385691888,6,75,0.48435,1.09328,0.61622,2.95187,2.99013,2.10014,0.12655,2.12484
63626385691920,6,75,0.48435,1.09328,0.61622,2.95187,2.99013,2.10014,0.12655,2.12484
63626385691937,6,75,0.57158,1.01636,0.64068,2.78124,2.44992,2.13637,0.14891,2.21294
63626385691970,6,75,0.57158,1.01636,0.64068,2.78124,2.44992,2.13637,0.14891,2.21294
63626385691987,6,75,0.57158,1.01636,0.64068,2.78124,2.44992,2.13637,0.14891,2.21294
63626385692020,6,75,0.57158,1.01636,0.64068,2.78124,2.44992,2.13637,0.14891,2.21294
63626385692053,6,75,0.55791,0.94356,0.56970,2.81509,2.71366,2.08231,0.15205,2.18977
63626385692070,6,75,0.55791,0.94356,0.56970,2.81509,2.71366,2.08231,0.15205,2.18977
63626385692103,6,75,0.55791,0.94356,0.56970,2.81509,2.71366,2.08231,0.15205,2.18977
63626385692136,6,75,0.55791,0.94356,0.56970,2.81509,2.71366,2.08231,0.15205,2.18977
63626385692153,6,75,0.56033,0.96876,0.63687,3.04679,3.20154,2.27115,0.16536,2.19548
63626385692186,6,75,0.56033,0.96876,0.63687,3.04679,3.20154,2.27115,0.16536,2.19548
63626385692202,6,75,0.56033,0.96876,0.63687,3.04679,3.20154,2.27115,0.16536,2.19548
63626385692235,6,75,0.56033,0.96876,0.63687,3.04679,3.20154,2.27115,0.16536,2.19548
63626385692252,6,75,0.53389,1.01406,0.66179,3.05009,3.17011,2.56984,0.18704,2.13555
63626385692285,6,75,0.53389,1.01406,0.66179,3.05009,3.17011,2.56984,0.18704,2.13555
63626385692302,6,75,0.53389,1.01406,0.66179,3.05009,3.17011,2.56984,0.18704,2.13555
63626385692334,6,75,0.48504,1.10149,0.57687,2.88841,3.07017,2.66599,0.15105,2.16170
63626385692368,6,75,0.48504,1.10149,0.57687,2.88841,3.07017,2.66599,0.15105,2.16170
63626385692384,6,75,0.48504,1.10149,0.57687,2.88841,3.07017,2.66599,0.15105,2.16170
63626385692418,6,75,0.48504,1.10149,0.57687,2.88841,3.07017,2.66599,0.15105,2.16170
63626385692435,6,75,0.55067,1.14486,0.58325,2.80632,2.80712,2.46326,0.12526,2.22904
63626385692468,6,75,0.55067,1.14486,0.58325,2.80632,2.80712,2.46326,0.12526,2.22904
63626385692501,6,75,0.55067,1.14486,0.58325,2.80632,2.80712,2.46326,0.12526,2.22904
63626385692517,6,75,0.55067,1.14486,0.58325,2.80632,2.80712,2.46326,0.12526,2.22904
63626385692550,6,75,0.49982,1.07330,0.63125,2.70846,2.78514,2.33507,0.13291,2.16836
63626385692583,6,75,0.49982,1.07330,0.63125,2.70846,2.78514,2.33507,0.13291,2.16836
63626385692600,6,75,0.49982,1.07330,0.63125,2.70846,2.78514,2.33507,0.13291,2.16836
63626385692633,6,75,0.49982,1.07330,0.63125,2.70846,2.78514,2.33507,0.13291,2.16836
63626385692649,6,75,0.46833,0.92511,0.58680,2.67380,2.60391,2.17375,0.12863,2.21202
63626385692682,6,75,0.46833,0.92511,0.58680,2.67380,2.60391,2.17375,0.12863,2.21202
63626385692699,6,75,0.46833,0.92511,0.58680,2.67380,2.60391,2.17375,0.12863,2.21202
63626385692732,6,75,0.46833,0.92511,0.58680,2.67380,2.60391,2.17375,0.12863,2.21202
63626385692748,6,75,0.51856,0.83282,0.51773,2.88923,2.38152,1.97617,0.13505,2.21253
63626385692782,6,75,0.51856,0.83282,0.51773,2.88923,2.38152,1.97617,0.13505,2.21253
63626385692815,6,75,0.51856,0.83282,0.51773,2.88923,2.38152,1.97617,0.13505,2.21253
63626385692832,6,75,0.52025,0.88786,0.52185,2.62486,2.27850,2.04590,0.12908,2.22584
63626385692865,6,75,0.52025,0.88786,0.52185,2.62486,2.27850,2.04590,0.12908,2.22584
63626385692898,6,75,0.52025,0.88786,0.52185,2.62486,2.27850,2.04590,0.12908,2.22584
63626385692915,6,75,0.52025,0.88786,0.52185,2.62486,2.27850,2.04590,0.12908,2.22584
63626385692948,6,75,0.52757,0.91482,0.49501,2.34179,2.10576,1.97384,0.11932,2.25219
63626385692964,6,75,0.52757,0.91482,0.49501,2.34179,2.10576,1.97384,0.11932,2.25219
63626385692998,6,75,0.52757,0.91482,0.49501,2.34179,2.10576,1.97384,0.11932,2.25219
63626385693030,6,75,0.52757,0.91482,0.49501,2.34179,2.10576,1.97384,0.11932,2.25219
63626385693047,6,68.67153,0.49156,0.88949,0.47292,2.63329,1.94091,1.69441,0.13651,2.16468
63626385693080,6,68.67153,0.49156,0.88949,0.47292,2.63329,1.94091,1.69441,0.13651,2.16468
63626385693096,6,68.67153,0.49156,0.88949,0.47292,2.63329,1.94091,1.69441,0.13651,2.16468
63626385693129,6,68.67153,0.49156,0.88949,0.47292,2.63329,1.94091,1.69441,0.13651,2.16468
63626385693146,6,75,0.57930,1.09337,0.56752,2.83969,1.93118,1.61593,0.14476,2.11594
63626385693179,6,75,0.57930,1.09337,0.56752,2.83969,1.93118,1.61593,0.14476,2.11594
63626385693214,6,75,0.57930,1.09337,0.56752,2.83969,1.93118,1.61593,0.14476,2.11594
63626385693230,6,75,0.59985,1.05467,0.57313,2.76056,1.92558,1.79683,0.13715,2.22366
63626385693263,6,75,0.59985,1.05467,0.57313,2.76056,1.92558,1.79683,0.13715,2.22366
63626385693279,6,75,0.59985,1.05467,0.57313,2.76056,1.92558,1.79683,0.13715,2.22366
63626385693313,6,75,0.59985,1.05467,0.57313,2.76056,1.92558,1.79683,0.13715,2.22366
63626385693345,6,75,0.49372,0.89882,0.51973,2.52912,1.95892,1.56180,0.11312,2.27920
63626385693362,6,75,0.49372,0.89882,0.51973,2.52912,1.95892,1.56180,0.11312,2.27920
63626385693395,6,75,0.49372,0.89882,0.51973,2.52912,1.95892,1.56180,0.11312,2.27920
63626385693411,6,75,0.49372,0.89882,0.51973,2.52912,1.95892,1.56180,0.11312,2.27920
63626385693444,6,75,0.53674,0.93628,0.45855,1.97804,1.80386,1.31962,0.10489,2.19317
63626385693477,6,75,0.53674,0.93628,0.45855,1.97804,1.80386,1.31962,0.10489,2.19317
63626385693494,6,75,0.53674,0.93628,0.45855,1.97804,1.80386,1.31962,0.10489,2.19317
63626385693528,6,75,0.53674,0.93628,0.45855,1.97804,1.80386,1.31962,0.10489,2.19317
63626385693544,6,54.1214,0.53332,0.96345,0.41163,1.93007,1.53543,1.43590,0.11367,2.16997
63626385693577,6,54.1214,0.53332,0.96345,0.41163,1.93007,1.53543,1.43590,0.11367,2.16997
63626385693611,6,54.1214,0.53332,0.96345,0.41163,1.93007,1.53543,1.43590,0.11367,2.16997
63626385693627,6,54.1214,0.53332,0.96345,0.41163,1.93007,1.53543,1.43590,0.11367,2.16997
63626385693660,6,52.20286,0.50657,0.90074,0.44863,2.46877,2.20706,1.71347,0.11084,2.24579
63626385693694,6,52.20286,0.50657,0.90074,0.44863,2.46877,2.20706,1.71347,0.11084,2.24579
63626385693710,6,52.20286,0.50657,0.90074,0.44863,2.46877,2.20706,1.71347,0.11084,2.24579
63626385693743,6,73.7506,0.66480,0.87894,0.50059,2.93772,2.76512,1.94102,0.11960,2.21886
63626385693760,6,73.7506,0.66480,0.87894,0.50059,2.93772,2.76512,1.94102,0.11960,2.21886
63626385693792,6,73.7506,0.66480,0.87894,0.50059,2.93772,2.76512,1.94102,0.11960,2.21886
63626385693826,6,73.7506,0.66480,0.87894,0.50059,2.93772,2.76512,1.94102,0.11960,2.21886
63626385693843,6,75,0.65938,0.94835,0.47231,2.63791,2.37287,1.56345,0.11754,2.15139
63626385693875,6,75,0.65938,0.94835,0.47231,2.63791,2.37287,1.56345,0.11754,2.15139
63626385693908,6,75,0.65938,0.94835,0.47231,2.63791,2.37287,1.56345,0.11754,2.15139
63626385693925,6,75,0.65938,0.94835,0.47231,2.63791,2.37287,1.56345,0.11754,2.15139
63626385693959,6,75,0.55750,0.92794,0.39932,2.02455,2.02609,1.30279,0.09990,2.23216
63626385693975,6,75,0.55750,0.92794,0.39932,2.02455,2.02609,1.30279,0.09990,2.23216
63626385694008,6,75,0.55750,0.92794,0.39932,2.02455,2.02609,1.30279,0.09990,2.23216
63626385694025,6,75,0.55750,0.92794,0.39932,2.02455,2.02609,1.30279,0.09990,2.23216
63626385694058,6,55.98193,0.62521,0.93153,0.48027,2.21484,2.17290,1.51276,0.10545,2.19558
63626385694091,6,55.98193,0.62521,0.93153,0.48027,2.21484,2.17290,1.51276,0.10545,2.19558
63626385694107,6,55.98193,0.62521,0.93153,0.48027,2.21484,2.17290,1.51276,0.10545,2.19558
63626385694140,6,63.59352,0.66753,0.89151,0.47028,2.38846,1.99128,1.61300,0.12285,2.09885
63626385694157,6,63.59352,0.66753,0.89151,0.47028,2.38846,1.99128,1.61300,0.12285,2.09885
63626385694190,6,63.59352,0.66753,0.89151,0.47028,2.38846,1.99128,1.61300,0.12285,2.09885
63626385694207,6,63.59352,0.66753,0.89151,0.47028,2.38846,1.99128,1.61300,0.12285,2.09885
63626385694240,6,70.53822,0.64121,0.86880,0.38770,2.31225,1.75004,1.45110,0.11616,2.22088
63626385694273,6,70.53822,0.64121,0.86880,0.38770,2.31225,1.75004,1.45110,0.11616,2.22088
63626385694290,6,70.53822,0.64121,0.86880,0.38770,2.31225,1.75004,1.45110,0.11616,2.22088
63626385694356,6,70.53822,0.64121,0.86880,0.38770,2.31225,1.75004,1.45110,0.11616,2.22088
63626385694373,6,67.49019,0.65720,0.81180,0.39439,2.08608,1.73985,1.43277,0.11578,2.32126
63626385694389,6,67.49019,0.65720,0.81180,0.39439,2.08608,1.73985,1.43277,0.11578,2.32126
63626385694422,6,67.49019,0.65720,0.81180,0.39439,2.08608,1.73985,1.43277,0.11578,2.32126
63626385694455,6,58.44301,0.69904,0.72414,0.36271,1.88750,1.69504,1.28977,0.11310,2.30125
63626385694472,6,58.44301,0.69904,0.72414,0.36271,1.88750,1.69504,1.28977,0.11310,2.30125
63626385694505,6,58.44301,0.69904,0.72414,0.36271,1.88750,1.69504,1.28977,0.11310,2.30125
63626385694538,6,58.44301,0.69904,0.72414,0.36271,1.88750,1.69504,1.28977,0.11310,2.30125
63626385694554,6,50.5002,0.59520,0.72056,0.32851,2.03608,1.72113,1.12224,0.09607,2.31649
63626385694571,6,50.5002,0.59520,0.72056,0.32851,2.03608,1.72113,1.12224,0.09607,2.31649
63626385694604,6,50.5002,0.59520,0.72056,0.32851,2.03608,1.72113,1.12224,0.09607,2.31649
63626385694637,6,56.44325,0.50421,0.68418,0.33474,2.15729,1.67612,1.20124,0.09479,2.51036
63626385694653,6,56.44325,0.50421,0.68418,0.33474,2.15729,1.67612,1.20124,0.09479,2.51036
63626385694688,6,56.44325,0.50421,0.68418,0.33474,2.15729,1.67612,1.20124,0.09479,2.51036
63626385694704,6,56.44325,0.50421,0.68418,0.33474,2.15729,1.67612,1.20124,0.09479,2.51036
63626385694737,6,61.29142,0.59236,0.73229,0.42750,2.49509,1.88731,1.40586,0.11158,2.90644
63626385694770,6,61.29142,0.59236,0.73229,0.42750,2.49509,1.88731,1.40586,0.11158,2.90644
63626385694787,6,61.29142,0.59236,0.73229,0.42750,2.49509,1.88731,1.40586,0.11158,2.90644
63626385694820,6,61.29142,0.59236,0.73229,0.42750,2.49509,1.88731,1.40586,0.11158,2.90644
63626385694836,6,74.80343,0.71408,0.96017,0.53354,3.02394,2.40286,1.52220,0.13342,3.25513
63626385694869,6,74.80343,0.71408,0.96017,0.53354,3.02394,2.40286,1.52220,0.13342,3.25513
63626385694902,6,74.80343,0.71408,0.96017,0.53354,3.02394,2.40286,1.52220,0.13342,3.25513
63626385694919,6,74.80343,0.71408,0.96017,0.53354,3.02394,2.40286,1.52220,0.13342,3.25513
63626385694952,6,75,0.66677,1.13616,0.55774,2.94821,2.84388,2.05162,0.15075,3.31153
63626385694969,6,75,0.66677,1.13616,0.55774,2.94821,2.84388,2.05162,0.15075,3.31153
63626385695002,6,75,0.66677,1.13616,0.55774,2.94821,2.84388,2.05162,0.15075,3.31153
63626385695036,6,75,0.66677,1.13616,0.55774,2.94821,2.84388,2.05162,0.15075,3.31153
63626385695052,6,75,0.75263,1.10854,0.53687,2.76657,3.02042,2.32237,0.15390,3.30908
63626385695085,6,75,0.75263,1.10854,0.53687,2.76657,3.02042,2.32237,0.15390,3.30908
63626385695102,6,75,0.75263,1.10854,0.53687,2.76657,3.02042,2.32237,0.15390,3.30908
63626385695135,6,74.89481,0.65032,0.96057,0.51101,2.88295,2.98391,2.13295,0.16358,3.38469
63626385695152,6,74.89481,0.65032,0.96057,0.51101,2.88295,2.98391,2.13295,0.16358,3.38469
63626385695184,6,74.89481,0.65032,0.96057,0.51101,2.88295,2.98391,2.13295,0.16358,3.38469
63626385695218,6,74.89481,0.65032,0.96057,0.51101,2.88295,2.98391,2.13295,0.16358,3.38469
63626385695234,6,75,0.36836,0.84457,0.50939,2.80881,2.66266,2.13911,0.17135,3.36044
63626385695267,6,75,0.36836,0.84457,0.50939,2.80881,2.66266,2.13911,0.17135,3.36044
63626385695283,6,75,0.36836,0.84457,0.50939,2.80881,2.66266,2.13911,0.17135,3.36044
63626385695317,6,75,0.36836,0.84457,0.50939,2.80881,2.66266,2.13911,0.17135,3.36044
63626385695349,6,75,0.40003,0.86654,0.50011,2.65497,2.50311,1.85494,0.14675,3.49103
63626385695366,6,75,0.40003,0.86654,0.50011,2.65497,2.50311,1.85494,0.14675,3.49103
63626385695400,6,75,0.40003,0.86654,0.50011,2.65497,2.50311,1.85494,0.14675,3.49103
63626385695417,6,75,0.40003,0.86654,0.50011,2.65497,2.50311,1.85494,0.14675,3.49103
63626385695450,6,75,0.39653,0.84203,0.48938,2.65881,2.68227,2.08824,0.13165,3.62858
63626385695482,6,75,0.39653,0.84203,0.48938,2.65881,2.68227,2.08824,0.13165,3.62858
63626385695499,6,75,0.39653,0.84203,0.48938,2.65881,2.68227,2.08824,0.13165,3.62858
63626385695532,6,75,0.39653,0.84203,0.48938,2.65881,2.68227,2.08824,0.13165,3.62858
63626385695549,6,75,0.35327,0.96731,0.54454,2.89366,2.34503,2.22658,0.14620,3.50246
63626385695582,6,75,0.35327,0.96731,0.54454,2.89366,2.34503,2.22658,0.14620,3.50246
63626385695615,6,75,0.35327,0.96731,0.54454,2.89366,2.34503,2.22658,0.14620,3.50246
63626385695631,6,75,0.32749,1.11399,0.54043,3.02785,2.44531,2.37770,0.16364,3.40105
63626385695664,6,75,0.32749,1.11399,0.54043,3.02785,2.44531,2.37770,0.16364,3.40105
63626385695681,6,75,0.32749,1.11399,0.54043,3.02785,2.44531,2.37770,0.16364,3.40105
63626385695714,6,75,0.32749,1.11399,0.54043,3.02785,2.44531,2.37770,0.16364,3.40105
63626385695748,6,75,0.22994,1.04666,0.49346,2.89424,3.12036,2.59411,0.14819,3.42533
63626385695763,6,75,0.22994,1.04666,0.49346,2.89424,3.12036,2.59411,0.14819,3.42533
63626385695798,6,75,0.22994,1.04666,0.49346,2.89424,3.12036,2.59411,0.14819,3.42533
63626385695814,6,75,0.22994,1.04666,0.49346,2.89424,3.12036,2.59411,0.14819,3.42533
63626385695847,6,75,0.18393,0.98626,0.47755,2.57741,2.92356,2.21907,0.13027,3.42800
63626385695864,6,75,0.18393,0.98626,0.47755,2.57741,2.92356,2.21907,0.13027,3.42800
63626385695897,6,75,0.18393,0.98626,0.47755,2.57741,2.92356,2.21907,0.13027,3.42800
63626385695930,6,75,0.18393,0.98626,0.47755,2.57741,2.92356,2.21907,0.13027,3.42800
63626385695946,6,75,0.22386,0.92645,0.42565,2.22346,2.21952,2.01585,0.13323,3.27122
63626385695979,6,75,0.22386,0.92645,0.42565,2.22346,2.21952,2.01585,0.13323,3.27122
63626385695996,6,75,0.22386,0.92645,0.42565,2.22346,2.21952,2.01585,0.13323,3.27122
63626385696029,6,75,0.22386,0.92645,0.42565,2.22346,2.21952,2.01585,0.13323,3.27122
63626385696062,6,63.93823,0.24777,0.81457,0.40546,2.25510,1.86231,1.82538,0.12468,3.22332
63626385696079,6,63.93823,0.24777,0.81457,0.40546,2.25510,1.86231,1.82538,0.12468,3.22332
63626385696112,6,63.93823,0.24777,0.81457,0.40546,2.25510,1.86231,1.82538,0.12468,3.22332
63626385696129,6,65.20402,0.29948,0.73312,0.38464,2.36958,2.03969,1.69799,0.11981,3.40175
63626385696162,6,65.20402,0.29948,0.73312,0.38464,2.36958,2.03969,1.69799,0.11981,3.40175
63626385696179,6,65.20402,0.29948,0.73312,0.38464,2.36958,2.03969,1.69799,0.11981,3.40175
63626385696212,6,65.20402,0.29948,0.73312,0.38464,2.36958,2.03969,1.69799,0.11981,3.40175
63626385696245,6,69.78323,0.35719,0.84437,0.45530,2.57257,2.30924,2.08122,0.13614,3.36738
63626385696262,6,69.78323,0.35719,0.84437,0.45530,2.57257,2.30924,2.08122,0.13614,3.36738
63626385696294,6,69.78323,0.35719,0.84437,0.45530,2.57257,2.30924,2.08122,0.13614,3.36738
63626385696328,6,69.78323,0.35719,0.84437,0.45530,2.57257,2.30924,2.08122,0.13614,3.36738
63626385696344,6,75,0.40765,1.02971,0.57048,2.91140,2.35327,2.39955,0.16099,3.33815
63626385696377,6,75,0.40765,1.02971,0.57048,2.91140,2.35327,2.39955,0.16099,3.33815
63626385696394,6,75,0.40765,1.02971,0.57048,2.91140,2.35327,2.39955,0.16099,3.33815
63626385696426,6,75,0.40765,1.02971,0.57048,2.91140,2.35327,2.39955,0.16099,3.33815
63626385696443,6,75,0.34902,0.99296,0.52347,2.71809,2.18149,2.18240,0.14986,3.45245
63626385696477,6,75,0.34902,0.99296,0.52347,2.71809,2.18149,2.18240,0.14986,3.45245
63626385696510,6,75,0.34902,0.99296,0.52347,2.71809,2.18149,2.18240,0.14986,3.45245
63626385696527,6,75,0.34902,0.99296,0.52347,2.71809,2.18149,2.18240,0.14986,3.45245
63626385696560,6,75,0.31519,0.97167,0.48832,2.40513,2.15079,1.93980,0.13689,3.43592
63626385696576,6,75,0.31519,0.97167,0.48832,2.40513,2.15079,1.93980,0.13689,3.43592
63626385696609,6,75,0.31519,0.97167,0.48832,2.40513,2.15079,1.93980,0.13689,3.43592
63626385696890,6,71.20502,0.35964,1.06595,0.51297,2.44472,2.02432,1.78768,0.12594,3.34735
63626385696907,6,71.20502,0.35964,1.06595,0.51297,2.44472,2.02432,1.78768,0.12594,3.34735
63626385696924,6,72.78881,0.29137,0.83359,0.43223,2.19917,1.76921,1.69332,0.10890,3.31603
63626385696941,6,62.96683,0.28949,0.64893,0.38056,2.20161,1.76279,1.72726,0.12368,3.39953
63626385696957,6,62.96683,0.28949,0.64893,0.38056,2.20161,1.76279,1.72726,0.12368,3.39953
63626385696974,6,63.06458,0.38688,0.75746,0.44349,2.42793,1.73947,1.70201,0.12870,3.44207
63626385697007,6,63.06458,0.38688,0.75746,0.44349,2.42793,1.73947,1.70201,0.12870,3.44207
63626385697023,6,72.11734,0.38688,0.75746,0.44349,2.42793,1.73947,1.70201,0.12870,3.44207
63626385697056,6,72.11734,0.38272,0.81565,0.48298,2.66472,1.80302,1.67742,0.13710,3.41354
63626385697073,6,72.11734,0.38272,0.81565,0.48298,2.66472,1.80302,1.67742,0.13710,3.41354
63626385697106,6,72.11734,0.38272,0.81565,0.48298,2.66472,1.80302,1.67742,0.13710,3.41354
63626385697404,6,75,0.58234,0.83464,0.49715,2.82096,1.97274,1.56545,0.15085,3.42916
63626385697421,6,75,0.68960,0.85798,0.44753,2.45169,1.89482,1.58546,0.14773,3.38960
63626385697438,6,73.06757,0.68964,0.95972,0.45841,2.49759,1.95699,1.80941,0.13659,3.36458
63626385697454,6,73.06757,0.68964,0.95972,0.45841,2.49759,1.95699,1.80941,0.13659,3.36458
63626385697719,6,74.90347,0.83799,1.05182,0.54095,2.56728,1.96534,1.81379,0.13246,3.42216
63626385697736,6,71.48058,0.73248,0.99061,0.56018,2.41034,1.91425,1.90070,0.13388,3.44640
63626385697753,6,71.41374,0.65530,0.84680,0.56388,2.41813,1.72106,1.71506,0.12514,3.39019
63626385697769,6,71.41374,0.65530,0.84680,0.56388,2.41813,1.72106,1.71506,0.12514,3.39019
63626385697785,6,71.72521,0.65926,0.83946,0.51170,2.35911,1.50964,1.28590,0.11628,3.38084
63626385697802,6,71.72521,0.65926,0.83946,0.51170,2.35911,1.50964,1.28590,0.11628,3.38084
63626385697818,6,71.72521,0.65926,0.83946,0.51170,2.35911,1.50964,1.28590,0.11628,3.38084
63626385697851,6,69.36454,0.79417,0.93047,0.45262,2.14528,1.70968,1.45950,0.12456,3.37534
63626385697884,6,69.36454,0.79417,0.93047,0.45262,2.14528,1.70968,1.45950,0.12456,3.37534
63626385697901,6,69.36454,0.79417,0.93047,0.45262,2.14528,1.70968,1.45950,0.12456,3.37534
63626385697917,6,69.36454,0.79417,0.93047,0.45262,2.14528,1.70968,1.45950,0.12456,3.37534
63626385697951,6,59.04419,0.71059,0.83595,0.53540,1.91584,1.55229,1.42811,0.12278,3.36926
63626385697984,6,59.04419,0.71059,0.83595,0.53540,1.91584,1.55229,1.42811,0.12278,3.36926
63626385698000,6,59.04419,0.71059,0.83595,0.53540,1.91584,1.55229,1.42811,0.12278,3.36926
63626385698033,6,51.63359,0.53324,0.81781,0.52795,2.06089,1.47753,1.34071,0.12245,3.40376
63626385698051,6,51.63359,0.53324,0.81781,0.52795,2.06089,1.47753,1.34071,0.12245,3.40376
63626385698084,6,51.63359,0.53324,0.81781,0.52795,2.06089,1.47753,1.34071,0.12245,3.40376
63626385698117,6,51.63359,0.53324,0.81781,0.52795,2.06089,1.47753,1.34071,0.12245,3.40376
63626385698134,6,57.43556,0.62448,0.88035,0.51220,2.33154,1.47681,1.91510,0.13793,3.38745
63626385698166,6,57.43556,0.62448,0.88035,0.51220,2.33154,1.47681,1.91510,0.13793,3.38745
63626385698183,6,57.43556,0.62448,0.88035,0.51220,2.33154,1.47681,1.91510,0.13793,3.38745
63626385698216,6,57.43556,0.62448,0.88035,0.51220,2.33154,1.47681,1.91510,0.13793,3.38745
63626385698233,6,68.2616,0.55803,0.80482,0.54172,2.43414,1.37319,2.06954,0.12502,3.38835
63626385698266,6,68.2616,0.55803,0.80482,0.54172,2.43414,1.37319,2.06954,0.12502,3.38835
63626385698298,6,68.2616,0.55803,0.80482,0.54172,2.43414,1.37319,2.06954,0.12502,3.38835
63626385698315,6,68.2616,0.55803,0.80482,0.54172,2.43414,1.37319,2.06954,0.12502,3.38835
63626385698348,6,72.36549,0.48767,0.74369,0.48292,2.38400,1.51582,1.64416,0.12287,3.37646
63626385698383,6,72.36549,0.48767,0.74369,0.48292,2.38400,1.51582,1.64416,0.12287,3.37646
63626385698397,6,72.36549,0.48767,0.74369,0.48292,2.38400,1.51582,1.64416,0.12287,3.37646
63626385698432,6,72.36549,0.48767,0.74369,0.48292,2.38400,1.51582,1.64416,0.12287,3.37646
63626385698448,6,70.35993,0.54798,0.73589,0.51291,2.34570,1.37932,1.29909,0.13485,3.33666
63626385698481,6,70.35993,0.54798,0.73589,0.51291,2.34570,1.37932,1.29909,0.13485,3.33666
63626385698498,6,70.35993,0.54798,0.73589,0.51291,2.34570,1.37932,1.29909,0.13485,3.33666
63626385698531,6,68.82793,0.69631,0.83971,0.48347,2.14465,1.19962,1.24891,0.12483,3.30373
63626385698564,6,68.82793,0.69631,0.83971,0.48347,2.14465,1.19962,1.24891,0.12483,3.30373
63626385698581,6,68.82793,0.69631,0.83971,0.48347,2.14465,1.19962,1.24891,0.12483,3.30373
63626385698613,6,68.82793,0.69631,0.83971,0.48347,2.14465,1.19962,1.24891,0.12483,3.30373
63626385698630,6,60.78613,0.75780,0.78612,0.47834,1.78905,1.30976,1.28860,0.11823,3.34011
63626385698663,6,60.78613,0.75780,0.78612,0.47834,1.78905,1.30976,1.28860,0.11823,3.34011
63626385698696,6,60.78613,0.75780,0.78612,0.47834,1.78905,1.30976,1.28860,0.11823,3.34011
63626385698713,6,60.78613,0.75780,0.78612,0.47834,1.78905,1.30976,1.28860,0.11823,3.34011
63626385698746,6,46.25028,0.76564,0.73832,0.54429,1.85120,1.36494,1.48989,0.12954,3.41983
63626385698762,6,46.25028,0.76564,0.73832,0.54429,1.85120,1.36494,1.48989,0.12954,3.41983
63626385698796,6,46.25028,0.76564,0.73832,0.54429,1.85120,1.36494,1.48989,0.12954,3.41983
63626385698830,6,46.25028,0.76564,0.73832,0.54429,1.85120,1.36494,1.48989,0.12954,3.41983
63626385698846,6,48.42241,0.77349,0.80478,0.51275,2.04698,1.33216,1.44875,0.11927,3.39794
63626385698879,6,48.42241,0.77349,0.80478,0.51275,2.04698,1.33216,1.44875,0.11927,3.39794
63626385698895,6,48.42241,0.77349,0.80478,0.51275,2.04698,1.33216,1.44875,0.11927,3.39794
63626385698928,6,55.93973,0.77787,0.73016,0.43985,2.01200,1.31926,1.46766,0.10753,3.41400
63626385698961,6,55.93973,0.77787,0.73016,0.43985,2.01200,1.31926,1.46766,0.10753,3.41400
63626385698978,6,55.93973,0.77787,0.73016,0.43985,2.01200,1.31926,1.46766,0.10753,3.41400
63626385699011,6,55.93973,0.77787,0.73016,0.43985,2.01200,1.31926,1.46766,0.10753,3.41400
63626385699044,6,54.36522,0.69948,0.66877,0.38918,1.95331,1.21970,1.44621,0.10997,3.41500
63626385699061,6,54.36522,0.69948,0.66877,0.38918,1.95331,1.21970,1.44621,0.10997,3.41500
63626385699093,6,54.36522,0.69948,0.66877,0.38918,1.95331,1.21970,1.44621,0.10997,3.41500
63626385699110,6,54.36522,0.69948,0.66877,0.38918,1.95331,1.21970,1.44621,0.10997,3.41500
63626385699145,6,53.13233,0.52787,0.72832,0.35030,1.79022,1.03336,1.22922,0.09657,3.35647
63626385699177,6,53.13233,0.52787,0.72832,0.35030,1.79022,1.03336,1.22922,0.09657,3.35647
63626385699194,6,53.13233,0.52787,0.72832,0.35030,1.79022,1.03336,1.22922,0.09657,3.35647
63626385699227,6,53.13233,0.52787,0.72832,0.35030,1.79022,1.03336,1.22922,0.09657,3.35647
63626385699243,6,46.60872,0.61564,0.85813,0.37353,1.73324,1.05204,1.23764,0.11233,3.40843
63626385699276,6,46.60872,0.61564,0.85813,0.37353,1.73324,1.05204,1.23764,0.11233,3.40843
63626385699293,6,46.60872,0.61564,0.85813,0.37353,1.73324,1.05204,1.23764,0.11233,3.40843
63626385699326,6,46.60872,0.61564,0.85813,0.37353,1.73324,1.05204,1.23764,0.11233,3.40843
63626385699359,6,44.32954,0.70379,0.87217,0.43749,1.74146,1.10303,1.09645,0.11741,3.43617
63626385699375,6,44.32954,0.70379,0.87217,0.43749,1.74146,1.10303,1.09645,0.11741,3.43617
63626385699409,6,44.32954,0.70379,0.87217,0.43749,1.74146,1.10303,1.09645,0.11741,3.43617
63626385699442,6,44.6585,0.65878,0.71262,0.38838,1.50436,1.03047,1.02180,0.09758,3.38772
63626385699458,6,44.6585,0.65878,0.71262,0.38838,1.50436,1.03047,1.02180,0.09758,3.38772
63626385699475,6,44.6585,0.65878,0.71262,0.38838,1.50436,1.03047,1.02180,0.09758,3.38772
63626385699508,6,44.6585,0.65878,0.71262,0.38838,1.50436,1.03047,1.02180,0.09758,3.38772
63626385699541,6,35.17435,0.62160,0.66243,0.30614,1.24727,1.10133,1.00314,0.11299,3.40193
63626385699559,6,35.17435,0.62160,0.66243,0.30614,1.24727,1.10133,1.00314,0.11299,3.40193
63626385699591,6,35.17435,0.62160,0.66243,0.30614,1.24727,1.10133,1.00314,0.11299,3.40193
63626385699624,6,35.17435,0.62160,0.66243,0.30614,1.24727,1.10133,1.00314,0.11299,3.40193
63626385699641,6,24.89083,0.69318,0.75007,0.34495,1.34306,1.30416,0.95910,0.11905,3.44392
63626385699674,6,24.89083,0.69318,0.75007,0.34495,1.34306,1.30416,0.95910,0.11905,3.44392
63626385699690,6,24.89083,0.69318,0.75007,0.34495,1.34306,1.30416,0.95910,0.11905,3.44392
63626385699724,6,24.89083,0.69318,0.75007,0.34495,1.34306,1.30416,0.95910,0.11905,3.44392
63626385699757,6,28.7224,0.65949,0.70867,0.36085,1.42897,1.19925,0.88849,0.10004,3.39508
63626385699773,6,28.7224,0.65949,0.70867,0.36085,1.42897,1.19925,0.88849,0.10004,3.39508
63626385699806,6,28.7224,0.65949,0.70867,0.36085,1.42897,1.19925,0.88849,0.10004,3.39508
63626385699823,6,28.7224,0.65949,0.70867,0.36085,1.42897,1.19925,0.88849,0.10004,3.39508
63626385699856,6,32.15866,0.65865,0.72930,0.33312,1.38732,1.00806,1.02788,0.10826,3.36545
63626385699872,6,32.15866,0.65865,0.72930,0.33312,1.38732,1.00806,1.02788,0.10826,3.36545
63626385699906,6,32.15866,0.65865,0.72930,0.33312,1.38732,1.00806,1.02788,0.10826,3.36545
63626385699940,6,30.49281,0.86568,0.78010,0.33367,1.39559,0.94840,1.03641,0.12122,3.41927
63626385699956,6,30.49281,0.86568,0.78010,0.33367,1.39559,0.94840,1.03641,0.12122,3.41927
63626385699989,6,30.49281,0.86568,0.78010,0.33367,1.39559,0.94840,1.03641,0.12122,3.41927
63626385700022,6,30.49281,0.86568,0.78010,0.33367,1.39559,0.94840,1.03641,0.12122,3.41927
63626385700039,6,26.1966,0.80552,0.67392,0.31765,1.49720,1.04444,1.03131,0.11219,3.50417
63626385700072,6,26.1966,0.80552,0.67392,0.31765,1.49720,1.04444,1.03131,0.11219,3.50417
63626385700088,6,26.1966,0.80552,0.67392,0.31765,1.49720,1.04444,1.03131,0.11219,3.50417
63626385700121,6,26.1966,0.80552,0.67392,0.31765,1.49720,1.04444,1.03131,0.11219,3.50417
63626385700154,6,32.66704,0.71120,0.76754,0.43303,1.70965,1.29588,1.18127,0.11936,3.55711
63626385700171,6,32.66704,0.71120,0.76754,0.43303,1.70965,1.29588,1.18127,0.11936,3.55711
63626385700204,6,32.66704,0.71120,0.76754,0.43303,1.70965,1.29588,1.18127,0.11936,3.55711
63626385700220,6,32.66704,0.71120,0.76754,0.43303,1.70965,1.29588,1.18127,0.11936,3.55711
63626385700254,6,43.38618,0.70128,0.92439,0.57555,2.44960,1.52763,1.42467,0.13948,3.51879
63626385700287,6,43.38618,0.70128,0.92439,0.57555,2.44960,1.52763,1.42467,0.13948,3.51879
63626385700304,6,43.38618,0.70128,0.92439,0.57555,2.44960,1.52763,1.42467,0.13948,3.51879
63626385700337,6,72.9841,0.78994,0.83033,0.59311,3.05017,2.48787,1.63319,0.15297,3.90668
63626385700354,6,72.9841,0.78994,0.83033,0.59311,3.05017,2.48787,1.63319,0.15297,3.90668
63626385700386,6,72.9841,0.78994,0.83033,0.59311,3.05017,2.48787,1.63319,0.15297,3.90668
63626385700420,6,72.9841,0.78994,0.83033,0.59311,3.05017,2.48787,1.63319,0.15297,3.90668
63626385700436,6,73.40233,0.87811,0.82975,0.62246,2.86800,3.19661,1.55293,0.16379,4.19791
63626385700469,6,73.40233,0.87811,0.82975,0.62246,2.86800,3.19661,1.55293,0.16379,4.19791
63626385700485,6,73.40233,0.87811,0.82975,0.62246,2.86800,3.19661,1.55293,0.16379,4.19791
63626385700519,6,73.40233,0.87811,0.82975,0.62246,2.86800,3.19661,1.55293,0.16379,4.19791
63626385700552,6,69.87555,1.37203,0.69112,1.37126,2.53792,2.65948,1.04039,0.91668,3.83771
63626385700568,6,69.87555,1.37203,0.69112,1.37126,2.53792,2.65948,1.04039,0.91668,3.83771
63626385700601,6,69.87555,1.37203,0.69112,1.37126,2.53792,2.65948,1.04039,0.91668,3.83771
63626385700618,6,69.87555,1.37203,0.69112,1.37126,2.53792,2.65948,1.04039,0.91668,3.83771
63626385700652,6,50.11896,0.97059,0.24164,1.04824,1.15766,1.12977,0.30617,0.84132,1.87098
63626385700685,6,50.11896,0.97059,0.24164,1.04824,1.15766,1.12977,0.30617,0.84132,1.87098
63626385700702,6,50.11896,0.97059,0.24164,1.04824,1.15766,1.12977,0.30617,0.84132,1.87098
63626385700735,6,12.48259,0.01282,0.00487,0.01479,0.01454,0.01469,0.00451,0.01086,0.60246
63626385700751,6,12.48259,0.01282,0.00487,0.01479,0.01454,0.01469,0.00451,0.01086,0.60246
63626385700784,6,12.48259,0.01282,0.00487,0.01479,0.01454,0.01469,0.00451,0.01086,0.60246
63626385700801,6,12.48259,0.01282,0.00487,0.01479,0.01454,0.01469,0.00451,0.01086,0.60246
63626385700834,0,12.48259,0.00405,0.00433,0.00404,0.00424,0.00405,0.00382,0.00393,0.77731
63626385700867,0,12.48259,0.00405,0.00433,0.00404,0.00424,0.00405,0.00382,0.00393,0.77731
63626385700884,0,12.48259,0.00405,0.00433,0.00404,0.00424,0.00405,0.00382,0.00393,0.77731
63626385700916,0,12.48259,0.00405,0.00433,0.00404,0.00424,0.00405,0.00382,0.00393,0.77731
63626385700933,101,22.2325,1.03559,0.27555,0.77864,1.18766,1.19605,0.70439,0.76504,2.26010
63626385700966,101,22.2325,1.03559,0.27555,0.77864,1.18766,1.19605,0.70439,0.76504,2.26010
63626385700999,101,22.2325,1.03559,0.27555,0.77864,1.18766,1.19605,0.70439,0.76504,2.26010
63626385701015,101,22.2325,1.03559,0.27555,0.77864,1.18766,1.19605,0.70439,0.76504,2.26010
63626385701050,101,39.5712,1.47549,0.71811,1.10721,2.48163,2.39525,1.42155,0.83551,3.32280
63626385701082,101,39.5712,1.47549,0.71811,1.10721,2.48163,2.39525,1.42155,0.83551,3.32280
63626385701099,101,39.5712,1.47549,0.71811,1.10721,2.48163,2.39525,1.42155,0.83551,3.32280
63626385701132,101,39.5712,1.47549,0.71811,1.10721,2.48163,2.39525,1.42155,0.83551,3.32280
63626385701149,101,32.2422,0.76020,0.80927,0.60146,2.46402,2.30761,1.73925,0.13865,2.45424
63626385701182,101,32.2422,0.76020,0.80927,0.60146,2.46402,2.30761,1.73925,0.13865,2.45424
63626385701198,101,32.2422,0.76020,0.80927,0.60146,2.46402,2.30761,1.73925,0.13865,2.45424
63626385701231,101,32.6982,0.60776,0.90030,0.57195,2.66206,2.03243,2.17119,0.15517,2.67440
63626385701248,101,32.6982,0.60776,0.90030,0.57195,2.66206,2.03243,2.17119,0.15517,2.67440
63626385701297,101,32.6982,0.60776,0.90030,0.57195,2.66206,2.03243,2.17119,0.15517,2.67440
63626385701314,101,32.6982,0.60776,0.90030,0.57195,2.66206,2.03243,2.17119,0.15517,2.67440
63626385701330,101,37.5637,0.63186,0.98266,0.65079,3.12451,2.31491,2.45192,0.21048,3.48184
63626385701363,101,37.5637,0.63186,0.98266,0.65079,3.12451,2.31491,2.45192,0.21048,3.48184
63626385701397,101,37.5637,0.63186,0.98266,0.65079,3.12451,2.31491,2.45192,0.21048,3.48184
63626385701413,101,37.5637,0.63186,0.98266,0.65079,3.12451,2.31491,2.45192,0.21048,3.48184
63626385701447,101,36.9449,0.59054,0.82433,0.67346,3.10395,3.06205,2.40384,0.21734,3.55821
63626385701463,101,36.9449,0.59054,0.82433,0.67346,3.10395,3.06205,2.40384,0.21734,3.55821
63626385701497,101,36.9449,0.59054,0.82433,0.67346,3.10395,3.06205,2.40384,0.21734,3.55821
63626385701513,101,36.9449,0.59054,0.82433,0.67346,3.10395,3.06205,2.40384,0.21734,3.55821
63626385701546,0,12.48259,0.48061,0.82960,0.61194,2.85286,2.91595,2.09295,0.17704,3.23448
63626385701579,0,12.48259,0.48061,0.82960,0.61194,2.85286,2.91595,2.09295,0.17704,3.23448
63626385701600,0,12.48259,0.48061,0.82960,0.61194,2.85286,2.91595,2.09295,0.17704,3.23448
63626385701618,0,12.48259,0.49200,0.75554,0.52523,2.65848,2.24900,1.75125,0.15698,3.73285
63626385701650,0,12.48259,0.49200,0.75554,0.52523,2.65848,2.24900,1.75125,0.15698,3.73285
63626385701683,0,12.48259,0.49200,0.75554,0.52523,2.65848,2.24900,1.75125,0.15698,3.73285
63626385701700,0,12.48259,0.49200,0.75554,0.52523,2.65848,2.24900,1.75125,0.15698,3.73285
63626385701733,6,15,0.48246,0.59492,0.45623,2.34623,2.06953,1.43440,0.14199,3.79348
63626385701749,6,15,0.48246,0.59492,0.45623,2.34623,2.06953,1.43440,0.14199,3.79348
63626385701782,6,15,0.48246,0.59492,0.45623,2.34623,2.06953,1.43440,0.14199,3.79348
63626385701816,6,15,0.48246,0.59492,0.45623,2.34623,2.06953,1.43440,0.14199,3.79348
63626385701833,6,27.53963,0.51001,0.57604,0.42794,2.07267,1.78777,1.51702,0.13103,3.38180
63626385701866,6,27.53963,0.51001,0.57604,0.42794,2.07267,1.78777,1.51702,0.13103,3.38180
63626385701882,6,27.53963,0.51001,0.57604,0.42794,2.07267,1.78777,1.51702,0.13103,3.38180
63626385701916,6,27.53963,0.51001,0.57604,0.42794,2.07267,1.78777,1.51702,0.13103,3.38180
63626385701933,6,34.74415,0.53886,0.73034,0.46690,2.27216,1.70853,1.67018,0.14693,3.51219
63626385701965,6,34.74415,0.53886,0.73034,0.46690,2.27216,1.70853,1.67018,0.14693,3.51219
63626385701998,6,34.74415,0.53886,0.73034,0.46690,2.27216,1.70853,1.67018,0.14693,3.51219
63626385702015,6,34.74415,0.53886,0.73034,0.46690,2.27216,1.70853,1.67018,0.14693,3.51219
63626385702048,6,52.70918,0.70167,0.85352,0.49233,2.63137,1.98182,1.67139,0.15606,3.68391
63626385702081,6,52.70918,0.70167,0.85352,0.49233,2.63137,1.98182,1.67139,0.15606,3.68391
63626385702098,6,52.70918,0.70167,0.85352,0.49233,2.63137,1.98182,1.67139,0.15606,3.68391
63626385702130,6,52.70918,0.70167,0.85352,0.49233,2.63137,1.98182,1.67139,0.15606,3.68391
63626385702148,6,75,0.87738,0.78823,0.45751,2.69144,1.87156,1.55603,0.14614,3.66985
63626385702181,6,75,0.87738,0.78823,0.45751,2.69144,1.87156,1.55603,0.14614,3.66985
63626385702198,6,75,0.87738,0.78823,0.45751,2.69144,1.87156,1.55603,0.14614,3.66985
63626385702231,6,69.90472,0.90142,0.82519,0.49763,2.78588,2.14376,1.52026,0.13673,3.61275
63626385702248,6,69.90472,0.90142,0.82519,0.49763,2.78588,2.14376,1.52026,0.13673,3.61275
63626385702280,6,69.90472,0.90142,0.82519,0.49763,2.78588,2.14376,1.52026,0.13673,3.61275
63626385702330,6,68.94333,0.82202,0.78771,0.53169,2.81566,2.10956,1.60577,0.14388,3.60461
63626385702363,6,68.94333,0.82202,0.78771,0.53169,2.81566,2.10956,1.60577,0.14388,3.60461
63626385702379,6,68.94333,0.82202,0.78771,0.53169,2.81566,2.10956,1.60577,0.14388,3.60461
63626385702413,6,68.94333,0.82202,0.78771,0.53169,2.81566,2.10956,1.60577,0.14388,3.60461
63626385702446,6,72.11911,0.73138,0.65665,0.44065,2.56030,1.43078,1.53172,0.15531,3.66129
63626385702478,6,72.11911,0.73138,0.65665,0.44065,2.56030,1.43078,1.53172,0.15531,3.66129
63626385702496,6,72.11911,0.73138,0.65665,0.44065,2.56030,1.43078,1.53172,0.15531,3.66129
63626385702528,6,72.11911,0.73138,0.65665,0.44065,2.56030,1.43078,1.53172,0.15531,3.66129
63626385702545,6,75,0.63887,0.69258,0.38780,2.30114,1.22194,1.35104,0.14726,3.72419
63626385702578,6,75,0.63887,0.69258,0.38780,2.30114,1.22194,1.35104,0.14726,3.72419
63626385702612,6,75,0.63887,0.69258,0.38780,2.30114,1.22194,1.35104,0.14726,3.72419
63626385702628,6,67.04553,0.55107,0.84008,0.46598,2.59512,1.59878,1.27132,0.15853,3.68918
63626385702661,6,67.04553,0.55107,0.84008,0.46598,2.59512,1.59878,1.27132,0.15853,3.68918
63626385702677,6,67.04553,0.55107,0.84008,0.46598,2.59512,1.59878,1.27132,0.15853,3.68918
63626385702710,6,67.04553,0.55107,0.84008,0.46598,2.59512,1.59878,1.27132,0.15853,3.68918
63626385702727,6,67.04553,0.55107,0.84008,0.46598,2.59512,1.59878,1.27132,0.15853,3.68918
63626385702760,6,75,0.93492,0.86665,0.47400,2.51552,1.66538,1.20791,0.15673,3.67314
63626385702793,6,75,0.93492,0.86665,0.47400,2.51552,1.66538,1.20791,0.15673,3.67314
63626385702810,6,75,0.93492,0.86665,0.47400,2.51552,1.66538,1.20791,0.15673,3.67314
63626385702843,6,67.60332,1.06568,0.80816,0.44669,2.24843,1.55343,1.14899,0.14225,3.65442
63626385702860,6,67.60332,1.06568,0.80816,0.44669,2.24843,1.55343,1.14899,0.14225,3.65442
63626385702892,6,67.60332,1.06568,0.80816,0.44669,2.24843,1.55343,1.14899,0.14225,3.65442
63626385702927,6,67.60332,1.06568,0.80816,0.44669,2.24843,1.55343,1.14899,0.14225,3.65442
63626385702943,6,52.31034,1.02090,0.76569,0.42363,2.32341,1.46998,1.21311,0.14108,3.69595
63626385702977,6,52.31034,1.02090,0.76569,0.42363,2.32341,1.46998,1.21311,0.14108,3.69595
63626385702993,6,52.31034,1.02090,0.76569,0.42363,2.32341,1.46998,1.21311,0.14108,3.69595
63626385703043,6,57.10032,1.06403,0.90319,0.43012,2.33715,1.44441,1.13374,0.14069,3.84893
63626385703059,6,57.10032,1.06403,0.90319,0.43012,2.33715,1.44441,1.13374,0.14069,3.84893
63626385703075,6,57.10032,1.06403,0.90319,0.43012,2.33715,1.44441,1.13374,0.14069,3.84893
63626385703108,6,57.10032,1.06403,0.90319,0.43012,2.33715,1.44441,1.13374,0.14069,3.84893
63626385703125,6,55.92486,0.91748,0.85158,0.45434,2.44184,1.60687,1.16426,0.13922,3.78879
63626385703158,6,55.92486,0.91748,0.85158,0.45434,2.44184,1.60687,1.16426,0.13922,3.78879
63626385703175,6,55.92486,0.91748,0.85158,0.45434,2.44184,1.60687,1.16426,0.13922,3.78879
63626385703207,6,55.92486,0.91748,0.85158,0.45434,2.44184,1.60687,1.16426,0.13922,3.78879
63626385703240,6,65.97412,0.87468,0.74079,0.37426,2.07865,1.52708,1.40659,0.11851,3.60258
63626385703258,6,65.97412,0.87468,0.74079,0.37426,2.07865,1.52708,1.40659,0.11851,3.60258
63626385703290,6,65.97412,0.87468,0.74079,0.37426,2.07865,1.52708,1.40659,0.11851,3.60258
63626385703324,6,65.97412,0.87468,0.74079,0.37426,2.07865,1.52708,1.40659,0.11851,3.60258
63626385703341,6,53.15897,0.89534,0.87333,0.34920,2.09508,1.64489,1.21790,0.11464,3.57583
63626385703374,6,53.15897,0.89534,0.87333,0.34920,2.09508,1.64489,1.21790,0.11464,3.57583
63626385703390,6,53.15897,0.89534,0.87333,0.34920,2.09508,1.64489,1.21790,0.11464,3.57583
63626385703423,6,53.15897,0.89534,0.87333,0.34920,2.09508,1.64489,1.21790,0.11464,3.57583
63626385703456,6,52.98972,0.97487,0.75064,0.32762,2.24618,1.69010,1.16106,0.13042,3.67116
63626385703473,6,52.98972,0.97487,0.75064,0.32762,2.24618,1.69010,1.16106,0.13042,3.67116
63626385703506,6,52.98972,0.97487,0.75064,0.32762,2.24618,1.69010,1.16106,0.13042,3.67116
63626385703539,6,55.85232,0.97487,0.75064,0.32762,2.24618,1.69010,1.16106,0.13042,3.67116
63626385703555,6,55.85232,0.93219,0.67916,0.29202,2.09351,1.40652,1.31194,0.13667,3.73696
63626385703589,6,55.85232,0.93219,0.67916,0.29202,2.09351,1.40652,1.31194,0.13667,3.73696
63626385703605,6,55.85232,0.93219,0.67916,0.29202,2.09351,1.40652,1.31194,0.13667,3.73696
63626385703638,6,51.45299,0.71431,0.74183,0.30727,2.11546,1.23866,1.14683,0.12853,3.74299
63626385703654,6,51.45299,0.71431,0.74183,0.30727,2.11546,1.23866,1.14683,0.12853,3.74299
63626385703689,6,51.45299,0.71431,0.74183,0.30727,2.11546,1.23866,1.14683,0.12853,3.74299
63626385703722,6,51.45299,0.71431,0.74183,0.30727,2.11546,1.23866,1.14683,0.12853,3.74299
63626385703738,6,59.61846,0.65336,0.71701,0.34676,2.05665,1.53405,1.20423,0.11325,3.70744
63626385703771,6,59.61846,0.65336,0.71701,0.34676,2.05665,1.53405,1.20423,0.11325,3.70744
63626385703788,6,59.61846,0.65336,0.71701,0.34676,2.05665,1.53405,1.20423,0.11325,3.70744
63626385703820,6,59.61846,0.65336,0.71701,0.34676,2.05665,1.53405,1.20423,0.11325,3.70744
63626385703854,6,57.26594,1.00795,0.83138,0.43360,2.14922,1.76804,1.41772,0.14326,3.66453
63626385703870,6,57.26594,1.00795,0.83138,0.43360,2.14922,1.76804,1.41772,0.14326,3.66453
63626385703903,6,57.26594,1.00795,0.83138,0.43360,2.14922,1.76804,1.41772,0.14326,3.66453
63626385703920,6,57.26594,1.00795,0.83138,0.43360,2.14922,1.76804,1.41772,0.14326,3.66453
63626385703953,6,50.65065,1.20786,0.87190,0.41009,2.21772,1.64506,1.31755,0.15547,3.67244
63626385703970,6,50.65065,1.20786,0.87190,0.41009,2.21772,1.64506,1.31755,0.15547,3.67244
63626385704004,6,50.65065,1.20786,0.87190,0.41009,2.21772,1.64506,1.31755,0.15547,3.67244
63626385704036,6,50.65065,1.20786,0.87190,0.41009,2.21772,1.64506,1.31755,0.15547,3.67244
63626385704053,6,45.39439,1.06494,0.73804,0.33360,1.86708,1.77980,1.30481,0.12022,3.70671
63626385704086,6,45.39439,1.06494,0.73804,0.33360,1.86708,1.77980,1.30481,0.12022,3.70671
63626385704102,6,45.39439,1.06494,0.73804,0.33360,1.86708,1.77980,1.30481,0.12022,3.70671
63626385704135,6,37.08576,0.96021,0.71396,0.31864,1.87326,1.69573,1.28836,0.11147,3.72301
63626385704152,6,37.08576,0.96021,0.71396,0.31864,1.87326,1.69573,1.28836,0.11147,3.72301
63626385704185,6,37.08576,0.96021,0.71396,0.31864,1.87326,1.69573,1.28836,0.11147,3.72301
63626385704218,6,37.08576,0.96021,0.71396,0.31864,1.87326,1.69573,1.28836,0.11147,3.72301
63626385704235,6,41.52168,0.90801,0.68356,0.31912,2.22254,1.35504,1.00080,0.13177,3.71541
63626385704268,6,41.52168,0.90801,0.68356,0.31912,2.22254,1.35504,1.00080,0.13177,3.71541
63626385704301,6,41.52168,0.90801,0.68356,0.31912,2.22254,1.35504,1.00080,0.13177,3.71541
63626385704317,6,41.52168,0.90801,0.68356,0.31912,2.22254,1.35504,1.00080,0.13177,3.71541
63626385704350,6,57.58123,0.90513,0.78814,0.36234,2.03452,1.20979,1.06684,0.14796,3.70613
63626385704368,6,57.58123,0.90513,0.78814,0.36234,2.03452,1.20979,1.06684,0.14796,3.70613
63626385704417,6,57.58123,0.90513,0.78814,0.36234,2.03452,1.20979,1.06684,0.14796,3.70613
63626385704451,6,50.1756,0.89085,0.97166,0.42210,2.12297,1.15759,1.12333,0.14364,3.69148
63626385704483,6,50.1756,0.89085,0.97166,0.42210,2.12297,1.15759,1.12333,0.14364,3.69148
63626385704500,6,50.1756,0.89085,0.97166,0.42210,2.12297,1.15759,1.12333,0.14364,3.69148
63626385704533,6,54.28477,0.94983,0.88493,0.38263,2.27698,1.22383,1.06086,0.13789,3.67158
63626385704549,6,54.28477,0.94983,0.88493,0.38263,2.27698,1.22383,1.06086,0.13789,3.67158
63626385704582,6,54.28477,0.94983,0.88493,0.38263,2.27698,1.22383,1.06086,0.13789,3.67158
63626385704599,6,54.28477,0.94983,0.88493,0.38263,2.27698,1.22383,1.06086,0.13789,3.67158
63626385704633,6,58.08628,1.14976,0.91587,0.35139,2.11422,1.23783,0.98861,0.14026,3.65129
63626385704666,6,58.08628,1.14976,0.91587,0.35139,2.11422,1.23783,0.98861,0.14026,3.65129
63626385704682,6,58.08628,1.14976,0.91587,0.35139,2.11422,1.23783,0.98861,0.14026,3.65129
63626385704715,6,58.08628,1.14976,0.91587,0.35139,2.11422,1.23783,0.98861,0.14026,3.65129
63626385704732,6,43.57833,1.14911,0.96032,0.40028,2.33282,1.20111,0.91347,0.14902,3.64647
63626385704765,6,43.57833,1.14911,0.96032,0.40028,2.33282,1.20111,0.91347,0.14902,3.64647
63626385704798,6,43.57833,1.14911,0.96032,0.40028,2.33282,1.20111,0.91347,0.14902,3.64647
63626385704815,6,43.57833,1.14911,0.96032,0.40028,2.33282,1.20111,0.91347,0.14902,3.64647
63626385704848,6,52.34858,0.93294,0.80730,0.40704,2.20231,1.29820,1.21550,0.13639,3.64700
63626385704864,6,52.34858,0.93294,0.80730,0.40704,2.20231,1.29820,1.21550,0.13639,3.64700
63626385704897,6,52.34858,0.93294,0.80730,0.40704,2.20231,1.29820,1.21550,0.13639,3.64700
63626385704930,6,52.34858,0.93294,0.80730,0.40704,2.20231,1.29820,1.21550,0.13639,3.64700
63626385704947,6,55.77489,0.99585,0.91337,0.40142,1.89132,1.66575,1.56496,0.14045,3.68270
63626385704980,6,55.77489,0.99585,0.91337,0.40142,1.89132,1.66575,1.56496,0.14045,3.68270
63626385704997,6,55.77489,0.99585,0.91337,0.40142,1.89132,1.66575,1.56496,0.14045,3.68270
63626385705030,6,40.8186,0.99585,0.91337,0.40142,1.89132,1.66575,1.56496,0.14045,3.68270
63626385705046,6,40.8186,1.13015,1.05795,0.48671,2.28206,1.77317,1.64920,0.17155,3.65249
63626385705079,6,40.8186,1.13015,1.05795,0.48671,2.28206,1.77317,1.64920,0.17155,3.65249
63626385705113,6,40.8186,1.13015,1.05795,0.48671,2.28206,1.77317,1.64920,0.17155,3.65249
63626385705130,6,51.07639,1.06577,0.94258,0.48185,2.50044,1.79511,1.57160,0.16769,3.63410
63626385705163,6,51.07639,1.06577,0.94258,0.48185,2.50044,1.79511,1.57160,0.16769,3.63410
63626385705179,6,51.07639,1.06577,0.94258,0.48185,2.50044,1.79511,1.57160,0.16769,3.63410
63626385705213,6,51.07639,1.06577,0.94258,0.48185,2.50044,1.79511,1.57160,0.16769,3.63410
63626385705229,6,62.3693,0.85548,0.76980,0.39300,2.43106,1.44560,1.40112,0.13666,3.65420
63626385705262,6,62.3693,0.85548,0.76980,0.39300,2.43106,1.44560,1.40112,0.13666,3.65420
63626385705295,6,62.3693,0.85548,0.76980,0.39300,2.43106,1.44560,1.40112,0.13666,3.65420
63626385705312,6,62.3693,0.85548,0.76980,0.39300,2.43106,1.44560,1.40112,0.13666,3.65420
63626385705345,6,68.02283,0.82791,0.78209,0.45802,2.55042,1.07005,1.16696,0.15033,3.68393
63626385705378,6,68.02283,0.82791,0.78209,0.45802,2.55042,1.07005,1.16696,0.15033,3.68393
63626385705394,6,68.02283,0.82791,0.78209,0.45802,2.55042,1.07005,1.16696,0.15033,3.68393
63626385705427,6,68.02283,0.82791,0.78209,0.45802,2.55042,1.07005,1.16696,0.15033,3.68393
63626385705445,6,71.88364,1.06579,0.87959,0.41127,2.33544,1.35175,1.14238,0.14648,3.73941
63626385705477,6,71.88364,1.06579,0.87959,0.41127,2.33544,1.35175,1.14238,0.14648,3.73941
63626385705511,6,71.88364,1.06579,0.87959,0.41127,2.33544,1.35175,1.14238,0.14648,3.73941
63626385705528,6,55.78585,1.04682,0.82318,0.35968,2.40641,1.54090,1.35128,0.12057,3.68170
63626385705561,6,55.78585,1.04682,0.82318,0.35968,2.40641,1.54090,1.35128,0.12057,3.68170
63626385705594,6,55.78585,1.04682,0.82318,0.35968,2.40641,1.54090,1.35128,0.12057,3.68170
63626385705610,6,55.78585,1.04682,0.82318,0.35968,2.40641,1.54090,1.35128,0.12057,3.68170
63626385705643,6,59.38328,0.73829,0.79399,0.35862,2.55561,1.33310,1.55866,0.12117,3.63822
63626385705660,6,59.38328,0.73829,0.79399,0.35862,2.55561,1.33310,1.55866,0.12117,3.63822
63626385705693,6,59.38328,0.73829,0.79399,0.35862,2.55561,1.33310,1.55866,0.12117,3.63822
63626385705709,6,59.38328,0.73829,0.79399,0.35862,2.55561,1.33310,1.55866,0.12117,3.63822
63626385705742,6,75,0.56741,0.78692,0.31917,2.33821,1.19692,1.43623,0.12109,3.64558
63626385705759,6,75,0.56741,0.78692,0.31917,2.33821,1.19692,1.43623,0.12109,3.64558
63626385705792,6,75,0.56741,0.78692,0.31917,2.33821,1.19692,1.43623,0.12109,3.64558
63626385705825,6,75,0.56741,0.78692,0.31917,2.33821,1.19692,1.43623,0.12109,3.64558
63626385705841,6,68.52855,0.66254,0.80614,0.31277,2.04883,1.29614,1.31777,0.12445,3.66708
63626385705875,6,68.52855,0.66254,0.80614,0.31277,2.04883,1.29614,1.31777,0.12445,3.66708
63626385705892,6,68.52855,0.66254,0.80614,0.31277,2.04883,1.29614,1.31777,0.12445,3.66708
63626385705925,6,68.52855,0.66254,0.80614,0.31277,2.04883,1.29614,1.31777,0.12445,3.66708
63626385705941,6,56.95303,0.68026,0.78277,0.31170,1.78123,1.14249,1.26373,0.10626,3.68322
63626385705975,6,56.95303,0.68026,0.78277,0.31170,1.78123,1.14249,1.26373,0.10626,3.68322
63626385706007,6,56.95303,0.68026,0.78277,0.31170,1.78123,1.14249,1.26373,0.10626,3.68322
63626385706024,6,46.24924,0.69449,0.71870,0.30130,1.69102,1.22358,1.18947,0.10506,3.68634
63626385706057,6,46.24924,0.69449,0.71870,0.30130,1.69102,1.22358,1.18947,0.10506,3.68634
63626385706074,6,46.24924,0.69449,0.71870,0.30130,1.69102,1.22358,1.18947,0.10506,3.68634
63626385706107,6,46.24924,0.69449,0.71870,0.30130,1.69102,1.22358,1.18947,0.10506,3.68634
63626385706140,6,42.64095,0.79329,0.67607,0.26429,1.51889,1.49978,1.22509,0.11793,3.66465
63626385706156,6,42.64095,0.79329,0.67607,0.26429,1.51889,1.49978,1.22509,0.11793,3.66465
63626385706189,6,42.64095,0.79329,0.67607,0.26429,1.51889,1.49978,1.22509,0.11793,3.66465
63626385706207,6,42.64095,0.79329,0.67607,0.26429,1.51889,1.49978,1.22509,0.11793,3.66465
63626385706240,6,34.02386,0.81126,0.74340,0.36534,1.82085,1.46952,1.44726,0.11888,3.67634
63626385706273,6,34.02386,0.81126,0.74340,0.36534,1.82085,1.46952,1.44726,0.11888,3.67634
63626385706306,6,34.02386,0.81126,0.74340,0.36534,1.82085,1.46952,1.44726,0.11888,3.67634
63626385706323,6,34.02386,0.81126,0.74340,0.36534,1.82085,1.46952,1.44726,0.11888,3.67634
63626385706339,6,45.38374,0.93381,0.82248,0.50749,2.43147,1.44985,1.55268,0.12557,3.69486
63626385706372,6,45.38374,0.93381,0.82248,0.50749,2.43147,1.44985,1.55268,0.12557,3.69486
63626385706405,6,45.38374,0.93381,0.82248,0.50749,2.43147,1.44985,1.55268,0.12557,3.69486
63626385706422,6,45.38374,0.93381,0.82248,0.50749,2.43147,1.44985,1.55268,0.12557,3.69486
63626385706455,6,64.90646,0.90616,0.80830,0.47933,2.56877,1.44506,1.44893,0.14855,3.68480
63626385706471,6,64.90646,0.90616,0.80830,0.47933,2.56877,1.44506,1.44893,0.14855,3.68480
63626385706504,6,64.90646,0.90616,0.80830,0.47933,2.56877,1.44506,1.44893,0.14855,3.68480
63626385706521,6,68.75353,0.75531,1.01625,0.46624,2.65492,1.40231,1.51289,0.15065,3.65797
63626385706554,6,68.75353,0.75531,1.01625,0.46624,2.65492,1.40231,1.51289,0.15065,3.65797
63626385706588,6,68.75353,0.75531,1.01625,0.46624,2.65492,1.40231,1.51289,0.15065,3.65797
63626385706621,6,68.75353,0.75531,1.01625,0.46624,2.65492,1.40231,1.51289,0.15065,3.65797
63626385706654,6,74.78774,0.86817,0.93036,0.47694,2.89517,1.41750,1.40618,0.13219,3.67339
63626385706687,6,74.78774,0.86817,0.93036,0.47694,2.89517,1.41750,1.40618,0.13219,3.67339
63626385706720,6,74.78774,0.86817,0.93036,0.47694,2.89517,1.41750,1.40618,0.13219,3.67339
63626385706737,6,70.27323,0.95991,0.67754,0.45771,2.77199,1.33565,1.17227,0.13590,3.71392
63626385706770,6,70.27323,0.95991,0.67754,0.45771,2.77199,1.33565,1.17227,0.13590,3.71392
63626385706803,6,70.27323,0.95991,0.67754,0.45771,2.77199,1.33565,1.17227,0.13590,3.71392
63626385706819,6,70.27323,0.95991,0.67754,0.45771,2.77199,1.33565,1.17227,0.13590,3.71392
63626385706852,6,66.60374,0.93974,0.75567,0.43612,2.48466,1.14971,1.04142,0.13887,3.69191
63626385706869,6,66.60374,0.93974,0.75567,0.43612,2.48466,1.14971,1.04142,0.13887,3.69191
63626385706902,6,66.60374,0.93974,0.75567,0.43612,2.48466,1.14971,1.04142,0.13887,3.69191
63626385706919,6,66.79687,0.94480,0.86578,0.43628,2.62423,1.30977,1.18513,0.14136,3.70068
63626385706952,6,66.79687,0.94480,0.86578,0.43628,2.62423,1.30977,1.18513,0.14136,3.70068
63626385706984,6,66.79687,0.94480,0.86578,0.43628,2.62423,1.30977,1.18513,0.14136,3.70068
63626385707002,6,66.79687,0.94480,0.86578,0.43628,2.62423,1.30977,1.18513,0.14136,3.70068
63626385707035,6,67.2082,1.12773,0.80606,0.42876,2.81440,1.65985,1.41672,0.15148,3.68695
63626385707052,6,67.2082,1.12773,0.80606,0.42876,2.81440,1.65985,1.41672,0.15148,3.68695
63626385707085,6,67.2082,1.12773,0.80606,0.42876,2.81440,1.65985,1.41672,0.15148,3.68695
63626385707118,6,67.2082,1.12773,0.80606,0.42876,2.81440,1.65985,1.41672,0.15148,3.68695
63626385707135,6,59.89062,1.23770,0.91519,0.48154,2.88100,1.83157,1.49413,0.16216,3.63012
63626385707167,6,59.89062,1.23770,0.91519,0.48154,2.88100,1.83157,1.49413,0.16216,3.63012
63626385707184,6,59.89062,1.23770,0.91519,0.48154,2.88100,1.83157,1.49413,0.16216,3.63012
63626385707217,6,59.89062,1.23770,0.91519,0.48154,2.88100,1.83157,1.49413,0.16216,3.63012
63626385707250,6,55.49196,1.08087,0.93763,0.57074,2.95462,2.26452,1.54604,0.16959,3.66087
63626385707266,6,55.49196,1.08087,0.93763,0.57074,2.95462,2.26452,1.54604,0.16959,3.66087
63626385707300,6,55.49196,1.08087,0.93763,0.57074,2.95462,2.26452,1.54604,0.16959,3.66087
63626385707316,6,55.49196,1.08087,0.93763,0.57074,2.95462,2.26452,1.54604,0.16959,3.66087
63626385707349,6,61.76525,0.93104,0.78462,0.55092,3.01136,2.21653,1.49073,0.18314,3.67058
63626385707365,6,61.76525,0.93104,0.78462,0.55092,3.01136,2.21653,1.49073,0.18314,3.67058
63626385707400,6,61.76525,0.93104,0.78462,0.55092,3.01136,2.21653,1.49073,0.18314,3.67058
63626385707433,6,61.76525,0.93104,0.78462,0.55092,3.01136,2.21653,1.49073,0.18314,3.67058
63626385707449,6,67.7586,0.85113,0.89368,0.50923,3.10278,1.62906,1.43389,0.16992,3.58162
63626385707482,6,67.7586,0.85113,0.89368,0.50923,3.10278,1.62906,1.43389,0.16992,3.58162
63626385707499,6,67.7586,0.85113,0.89368,0.50923,3.10278,1.62906,1.43389,0.16992,3.58162
63626385707532,6,70.95483,1.01610,0.84395,0.48581,3.03444,1.76923,1.46439,0.15327,3.65891
63626385707565,6,70.95483,1.01610,0.84395,0.48581,3.03444,1.76923,1.46439,0.15327,3.65891
63626385707581,6,70.95483,1.01610,0.84395,0.48581,3.03444,1.76923,1.46439,0.15327,3.65891
63626385707614,6,70.95483,1.01610,0.84395,0.48581,3.03444,1.76923,1.46439,0.15327,3.65891
63626385707631,6,64.35618,0.92819,0.65073,0.52552,2.71659,2.06375,1.46770,0.16427,3.71186
63626385707664,6,64.35618,0.92819,0.65073,0.52552,2.71659,2.06375,1.46770,0.16427,3.71186
63626385707697,6,64.35618,0.92819,0.65073,0.52552,2.71659,2.06375,1.46770,0.16427,3.71186
63626385707714,6,64.35618,0.92819,0.65073,0.52552,2.71659,2.06375,1.46770,0.16427,3.71186
63626385707747,6,67.87228,0.75215,0.66299,0.49715,2.47644,1.89492,1.42680,0.14789,3.65383
63626385707764,6,67.87228,0.75215,0.66299,0.49715,2.47644,1.89492,1.42680,0.14789,3.65383
63626385707797,6,67.87228,0.75215,0.66299,0.49715,2.47644,1.89492,1.42680,0.14789,3.65383
63626385707830,6,73.9715,0.90889,0.82975,0.41277,2.36756,1.80236,1.46716,0.13289,3.64637
63626385707847,6,73.9715,0.90889,0.82975,0.41277,2.36756,1.80236,1.46716,0.13289,3.64637
63626385707879,6,73.9715,0.90889,0.82975,0.41277,2.36756,1.80236,1.46716,0.13289,3.64637
63626385707913,6,73.9715,0.90889,0.82975,0.41277,2.36756,1.80236,1.46716,0.13289,3.64637
63626385707929,6,63.34687,0.86954,0.83696,0.39258,2.21714,1.62130,1.50430,0.13167,3.66932
63626385707963,6,63.34687,0.86954,0.83696,0.39258,2.21714,1.62130,1.50430,0.13167,3.66932
63626385707996,6,63.34687,0.86954,0.83696,0.39258,2.21714,1.62130,1.50430,0.13167,3.66932
63626385708012,6,63.34687,0.86954,0.83696,0.39258,2.21714,1.62130,1.50430,0.13167,3.66932
63626385708045,6,58.9038,0.95201,0.69216,0.35967,2.10289,1.43102,1.32362,0.12177,3.68253
63626385708062,6,58.9038,0.95201,0.69216,0.35967,2.10289,1.43102,1.32362,0.12177,3.68253
63626385708095,6,58.9038,0.95201,0.69216,0.35967,2.10289,1.43102,1.32362,0.12177,3.68253
63626385708128,6,58.9038,0.95201,0.69216,0.35967,2.10289,1.43102,1.32362,0.12177,3.68253
63626385708145,6,51.03531,0.98335,0.69255,0.30361,2.11407,1.38686,1.25758,0.12624,3.61288
63626385708178,6,51.03531,0.98335,0.69255,0.30361,2.11407,1.38686,1.25758,0.12624,3.61288
63626385708194,6,51.03531,0.98335,0.69255,0.30361,2.11407,1.38686,1.25758,0.12624,3.61288
63626385708228,6,50.22849,0.76604,0.75452,0.32158,2.21665,1.50124,1.28518,0.13458,3.62487
63626385708244,6,50.22849,0.76604,0.75452,0.32158,2.21665,1.50124,1.28518,0.13458,3.62487
63626385708277,6,50.22849,0.76604,0.75452,0.32158,2.21665,1.50124,1.28518,0.13458,3.62487
63626385708310,6,50.22849,0.76604,0.75452,0.32158,2.21665,1.50124,1.28518,0.13458,3.62487
63626385708327,6,63.02432,0.78120,0.74580,0.35586,2.01895,1.40406,1.14292,0.12312,3.72947
63626385708360,6,63.02432,0.78120,0.74580,0.35586,2.01895,1.40406,1.14292,0.12312,3.72947
63626385708377,6,63.02432,0.78120,0.74580,0.35586,2.01895,1.40406,1.14292,0.12312,3.72947
63626385708409,6,63.02432,0.78120,0.74580,0.35586,2.01895,1.40406,1.14292,0.12312,3.72947
63626385708426,6,54.50993,0.93493,0.74870,0.38582,1.77928,1.20265,1.10875,0.12468,3.69550
63626385708459,6,54.50993,0.93493,0.74870,0.38582,1.77928,1.20265,1.10875,0.12468,3.69550
63626385708492,6,54.50993,0.93493,0.74870,0.38582,1.77928,1.20265,1.10875,0.12468,3.69550
63626385708510,6,54.50993,0.93493,0.74870,0.38582,1.77928,1.20265,1.10875,0.12468,3.69550
63626385708542,6,38.77404,0.89338,0.77712,0.35673,1.69684,1.17846,1.22726,0.12725,3.65595
63626385708559,6,38.77404,0.89338,0.77712,0.35673,1.69684,1.17846,1.22726,0.12725,3.65595
63626385708592,6,38.77404,0.89338,0.77712,0.35673,1.69684,1.17846,1.22726,0.12725,3.65595
63626385708625,6,38.77404,0.89338,0.77712,0.35673,1.69684,1.17846,1.22726,0.12725,3.65595
63626385708642,6,37.13834,0.86991,0.73709,0.31275,1.61787,1.13974,1.10531,0.12151,3.67215
63626385708675,6,37.13834,0.86991,0.73709,0.31275,1.61787,1.13974,1.10531,0.12151,3.67215
63626385708691,6,37.13834,0.86991,0.73709,0.31275,1.61787,1.13974,1.10531,0.12151,3.67215
63626385708725,6,37.13834,0.86991,0.73709,0.31275,1.61787,1.13974,1.10531,0.12151,3.67215
63626385708741,6,34.91861,0.97201,0.70457,0.35492,1.84022,1.36479,1.06749,0.12086,3.68025
63626385708774,6,34.91861,0.97201,0.70457,0.35492,1.84022,1.36479,1.06749,0.12086,3.68025
63626385708807,6,34.91861,0.97201,0.70457,0.35492,1.84022,1.36479,1.06749,0.12086,3.68025
63626385708825,6,39.72848,0.80436,0.83599,0.37447,2.05316,1.33095,1.25673,0.11731,3.71376
63626385708858,6,39.72848,0.80436,0.83599,0.37447,2.05316,1.33095,1.25673,0.11731,3.71376
63626385708873,6,39.72848,0.80436,0.83599,0.37447,2.05316,1.33095,1.25673,0.11731,3.71376
63626385708907,6,39.72848,0.80436,0.83599,0.37447,2.05316,1.33095,1.25673,0.11731,3.71376
63626385708940,6,54.95206,0.75244,0.86462,0.41231,2.23164,1.22347,1.33777,0.14032,3.66416
63626385708957,6,54.95206,0.75244,0.86462,0.41231,2.23164,1.22347,1.33777,0.14032,3.66416
63626385708990,6,54.95206,0.75244,0.86462,0.41231,2.23164,1.22347,1.33777,0.14032,3.66416
63626385709006,6,54.95206,0.75244,0.86462,0.41231,2.23164,1.22347,1.33777,0.14032,3.66416
63626385709040,6,64.16788,0.91195,0.76533,0.49916,2.59128,1.21324,1.25804,0.15192,3.65193
63626385709056,6,64.16788,0.91195,0.76533,0.49916,2.59128,1.21324,1.25804,0.15192,3.65193
63626385709089,6,64.16788,0.91195,0.76533,0.49916,2.59128,1.21324,1.25804,0.15192,3.65193
63626385709122,6,64.16788,0.91195,0.76533,0.49916,2.59128,1.21324,1.25804,0.15192,3.65193
63626385709139,6,68.5219,0.86383,0.83183,0.52371,2.98020,1.40274,1.30185,0.13270,3.64642
63626385709171,6,68.5219,0.86383,0.83183,0.52371,2.98020,1.40274,1.30185,0.13270,3.64642
63626385709188,6,68.5219,0.86383,0.83183,0.52371,2.98020,1.40274,1.30185,0.13270,3.64642
63626385709222,6,68.5219,0.86383,0.83183,0.52371,2.98020,1.40274,1.30185,0.13270,3.64642
63626385709255,6,70.44664,0.82325,0.85297,0.46997,2.81340,1.47502,1.29069,0.12476,3.60044
63626385709271,6,70.44664,0.82325,0.85297,0.46997,2.81340,1.47502,1.29069,0.12476,3.60044
63626385709304,6,70.44664,0.82325,0.85297,0.46997,2.81340,1.47502,1.29069,0.12476,3.60044
63626385709321,6,72.07013,1.04480,0.86490,0.41601,2.34298,1.36395,1.17522,0.13809,3.64580
63626385709354,6,72.07013,1.04480,0.86490,0.41601,2.34298,1.36395,1.17522,0.13809,3.64580
63626385709371,6,72.07013,1.04480,0.86490,0.41601,2.34298,1.36395,1.17522,0.13809,3.64580
63626385709403,6,72.07013,1.04480,0.86490,0.41601,2.34298,1.36395,1.17522,0.13809,3.64580
63626385709436,6,56.927,1.08654,0.81497,0.39979,2.23549,1.38806,1.17588,0.14686,3.70073
63626385709453,6,56.927,1.08654,0.81497,0.39979,2.23549,1.38806,1.17588,0.14686,3.70073
63626385709487,6,56.927,1.08654,0.81497,0.39979,2.23549,1.38806,1.17588,0.14686,3.70073
63626385709503,6,56.927,1.08654,0.81497,0.39979,2.23549,1.38806,1.17588,0.14686,3.70073
63626385709536,6,50.95776,0.84511,0.73310,0.45809,2.37409,1.30504,1.36320,0.15388,3.61308
63626385709569,6,50.95776,0.84511,0.73310,0.45809,2.37409,1.30504,1.36320,0.15388,3.61308
63626385709586,6,50.95776,0.84511,0.73310,0.45809,2.37409,1.30504,1.36320,0.15388,3.61308
63626385709620,6,50.95776,0.84511,0.73310,0.45809,2.37409,1.30504,1.36320,0.15388,3.61308
63626385709636,6,66.15931,0.91152,0.81049,0.44520,2.54810,1.17297,1.29861,0.15436,3.61005
63626385709669,6,66.15931,0.91152,0.81049,0.44520,2.54810,1.17297,1.29861,0.15436,3.61005
63626385709686,6,66.15931,0.91152,0.81049,0.44520,2.54810,1.17297,1.29861,0.15436,3.61005
63626385709718,6,66.15931,0.91152,0.81049,0.44520,2.54810,1.17297,1.29861,0.15436,3.61005
63626385709752,6,68.53926,1.10201,0.78517,0.33377,2.28092,1.01652,1.04010,0.13718,3.67333
63626385709768,6,68.53926,1.10201,0.78517,0.33377,2.28092,1.01652,1.04010,0.13718,3.67333
63626385709801,6,68.53926,1.10201,0.78517,0.33377,2.28092,1.01652,1.04010,0.13718,3.67333
63626385709818,6,68.53926,1.10201,0.78517,0.33377,2.28092,1.01652,1.04010,0.13718,3.67333
63626385709851,6,52.15638,0.91559,0.75806,0.29489,1.62075,0.87712,0.93899,0.12273,3.65358
63626385709884,6,52.15638,0.91559,0.75806,0.29489,1.62075,0.87712,0.93899,0.12273,3.65358
63626385709901,6,52.15638,0.91559,0.75806,0.29489,1.62075,0.87712,0.93899,0.12273,3.65358
63626385709933,6,33.20649,0.77390,0.74483,0.23163,1.21516,0.73902,0.75648,0.10164,3.68631
63626385709967,6,33.20649,0.77390,0.74483,0.23163,1.21516,0.73902,0.75648,0.10164,3.68631
63626385709983,6,33.20649,0.77390,0.74483,0.23163,1.21516,0.73902,0.75648,0.10164,3.68631
63626385710017,6,33.20649,0.77390,0.74483,0.23163,1.21516,0.73902,0.75648,0.10164,3.68631
63626385710033,6,22.65041,0.88975,0.65639,0.19296,1.10562,0.61415,0.68825,0.10330,3.72045
63626385710066,6,22.65041,0.88975,0.65639,0.19296,1.10562,0.61415,0.68825,0.10330,3.72045
63626385710083,6,22.65041,0.88975,0.65639,0.19296,1.10562,0.61415,0.68825,0.10330,3.72045
63626385710117,6,22.65041,0.88975,0.65639,0.19296,1.10562,0.61415,0.68825,0.10330,3.72045
63626385710149,6,13.63485,0.77047,0.49879,0.16861,0.81850,0.44685,0.50303,0.10424,3.70656
63626385710166,6,13.63485,0.77047,0.49879,0.16861,0.81850,0.44685,0.50303,0.10424,3.70656
63626385710199,6,13.63485,0.77047,0.49879,0.16861,0.81850,0.44685,0.50303,0.10424,3.70656
63626385710216,6,13.63485,0.77047,0.49879,0.16861,0.81850,0.44685,0.50303,0.10424,3.70656
63626385710248,6,6.921171,0.43068,0.22685,0.07798,0.32266,0.20550,0.16856,0.11854,3.60150
63626385710265,6,6.921171,0.43068,0.22685,0.07798,0.32266,0.20550,0.16856,0.11854,3.60150
63626385710298,6,6.921171,0.43068,0.22685,0.07798,0.32266,0.20550,0.16856,0.11854,3.60150
63626385710331,0,6.921171,0.44031,0.20637,0.04105,0.03466,0.04499,0.03762,0.14627,3.48921
63626385710347,0,6.921171,0.44031,0.20637,0.04105,0.03466,0.04499,0.03762,0.14627,3.48921
63626385710398,0,6.921171,0.44031,0.20637,0.04105,0.03466,0.04499,0.03762,0.14627,3.48921
63626385710431,0,6.921171,0.71733,0.39726,0.06773,0.04332,0.05979,0.07047,0.18248,3.07224
63626385710464,0,6.921171,0.71733,0.39726,0.06773,0.04332,0.05979,0.07047,0.18248,3.07224
63626385710480,0,6.921171,0.71733,0.39726,0.06773,0.04332,0.05979,0.07047,0.18248,3.07224
63626385710514,0,6.921171,0.71733,0.39726,0.06773,0.04332,0.05979,0.07047,0.18248,3.07224
63626385710530,0,6.921171,0.70425,0.39801,0.08568,0.04437,0.06743,0.10678,0.17990,2.87848
63626385710563,0,6.921171,0.70425,0.39801,0.08568,0.04437,0.06743,0.10678,0.17990,2.87848
63626385710580,0,6.921171,0.70425,0.39801,0.08568,0.04437,0.06743,0.10678,0.17990,2.87848
63626385710613,0,6.921171,0.70425,0.39801,0.08568,0.04437,0.06743,0.10678,0.17990,2.87848
63626385710646,0,6.921171,0.56721,0.36381,0.08265,0.04573,0.07762,0.14311,0.13292,2.65535
63626385710662,0,6.921171,0.56721,0.36381,0.08265,0.04573,0.07762,0.14311,0.13292,2.65535
63626385710695,0,6.921171,0.56721,0.36381,0.08265,0.04573,0.07762,0.14311,0.13292,2.65535
63626385710712,0,6.921171,0.56721,0.36381,0.08265,0.04573,0.07762,0.14311,0.13292,2.65535
63626385710746,0,6.921171,0.50304,0.35286,0.08976,0.05229,0.08173,0.15544,0.15193,2.63502
63626385710779,0,6.921171,0.50304,0.35286,0.08976,0.05229,0.08173,0.15544,0.15193,2.63502
63626385710796,0,6.921171,0.50304,0.35286,0.08976,0.05229,0.08173,0.15544,0.15193,2.63502
63626385710829,0,6.921171,0.50304,0.35286,0.08976,0.05229,0.08173,0.15544,0.15193,2.63502
63626385710862,0,6.921171,0.49284,0.27170,0.10869,0.04804,0.07758,0.14478,0.28260,2.71040
63626385710878,0,6.921171,0.49284,0.27170,0.10869,0.04804,0.07758,0.14478,0.28260,2.71040
63626385710911,0,6.921171,0.49284,0.27170,0.10869,0.04804,0.07758,0.14478,0.28260,2.71040
63626385710928,0,6.921171,0.51459,0.26476,0.15624,0.04916,0.06597,0.11258,0.38391,2.77318
63626385710961,0,6.921171,0.51459,0.26476,0.15624,0.04916,0.06597,0.11258,0.38391,2.77318
63626385710977,0,6.921171,0.51459,0.26476,0.15624,0.04916,0.06597,0.11258,0.38391,2.77318
63626385711011,0,6.921171,0.51459,0.26476,0.15624,0.04916,0.06597,0.11258,0.38391,2.77318
63626385711043,0,6.921171,0.59722,0.33099,0.23621,0.06541,0.05656,0.09475,0.25022,2.72744
63626385711060,0,6.921171,0.59722,0.33099,0.23621,0.06541,0.05656,0.09475,0.25022,2.72744
63626385711094,0,6.921171,0.59722,0.33099,0.23621,0.06541,0.05656,0.09475,0.25022,2.72744
63626385711127,0,6.921171,0.59722,0.33099,0.23621,0.06541,0.05656,0.09475,0.25022,2.72744
63626385711144,0,6.921171,0.67532,0.38950,0.28772,0.07436,0.06475,0.10165,0.13329,1.80956
63626385711160,0,6.921171,0.67532,0.38950,0.28772,0.07436,0.06475,0.10165,0.13329,1.80956
63626385711193,0,6.921171,0.67532,0.38950,0.28772,0.07436,0.06475,0.10165,0.13329,1.80956
63626385711226,0,6.921171,0.67532,0.38950,0.28772,0.07436,0.06475,0.10165,0.13329,1.80956
63626385711243,0,6.921171,0.61272,0.43578,0.39480,0.09486,0.05371,0.07987,0.13439,1.98690
63626385711276,0,6.921171,0.61272,0.43578,0.39480,0.09486,0.05371,0.07987,0.13439,1.98690
63626385711292,0,6.921171,0.61272,0.43578,0.39480,0.09486,0.05371,0.07987,0.13439,1.98690
63626385711325,0,6.921171,0.61272,0.43578,0.39480,0.09486,0.05371,0.07987,0.13439,1.98690
63626385711358,0,6.921171,0.60863,0.44393,0.41486,0.08507,0.03808,0.06306,0.11291,1.55864
63626385711375,0,6.921171,0.60863,0.44393,0.41486,0.08507,0.03808,0.06306,0.11291,1.55864
63626385711408,0,6.921171,0.60863,0.44393,0.41486,0.08507,0.03808,0.06306,0.11291,1.55864
63626385711425,0,6.921171,0.61598,0.46598,0.38916,0.08997,0.11408,0.07742,0.08743,0.71426
63626385711457,0,6.921171,0.61598,0.46598,0.38916,0.08997,0.11408,0.07742,0.08743,0.71426
63626385711492,0,6.921171,0.61598,0.46598,0.38916,0.08997,0.11408,0.07742,0.08743,0.71426
63626385711508,0,6.921171,0.61598,0.46598,0.38916,0.08997,0.11408,0.07742,0.08743,0.71426
