63626385598226,0,8.960631,0.16044,0.18023,0.22679,0.06281,0.03001,0.03978,0.06855,2.29700
63626385598335,0,8.960631,0.16983,0.14625,0.16547,0.03906,0.02264,0.03796,0.10323,3.25492
63626385598368,0,8.960631,0.16983,0.14625,0.16547,0.03906,0.02264,0.03796,0.10323,3.25492
63626385598385,0,8.960631,0.16983,0.14625,0.16547,0.03906,0.02264,0.03796,0.10323,3.25492
63626385598418,0,8.960631,0.17623,0.11510,0.10337,0.02641,0.02733,0.04003,0.12515,4.10263
63626385598436,0,8.960631,0.17623,0.11510,0.10337,0.02641,0.02733,0.04003,0.12515,4.10263
63626385598469,0,8.960631,0.17623,0.11510,0.10337,0.02641,0.02733,0.04003,0.12515,4.10263
63626385598485,0,8.960631,0.17623,0.11510,0.10337,0.02641,0.02733,0.04003,0.12515,4.10263
63626385598518,0,8.960631,0.14114,0.09902,0.07228,0.02289,0.04077,0.05037,0.11754,4.25577
63626385598551,0,8.960631,0.14114,0.09902,0.07228,0.02289,0.04077,0.05037,0.11754,4.25577
63626385598568,0,8.960631,0.14114,0.09902,0.07228,0.02289,0.04077,0.05037,0.11754,4.25577
63626385598601,0,8.960631,0.15206,0.10182,0.07617,0.02954,0.04210,0.04553,0.16936,4.44104
63626385598618,0,8.960631,0.15206,0.10182,0.07617,0.02954,0.04210,0.04553,0.16936,4.44104
63626385598650,0,8.960631,0.15206,0.10182,0.07617,0.02954,0.04210,0.04553,0.16936,4.44104
63626385598684,0,8.960631,0.15206,0.10182,0.07617,0.02954,0.04210,0.04553,0.16936,4.44104
63626385598700,0,8.960631,0.23471,0.11296,0.06254,0.03516,0.02822,0.03012,0.17390,4.56032
63626385598733,0,8.960631,0.23471,0.11296,0.06254,0.03516,0.02822,0.03012,0.17390,4.56032
63626385598749,0,8.960631,0.23471,0.11296,0.06254,0.03516,0.02822,0.03012,0.17390,4.56032
63626385598784,0,8.960631,0.23471,0.11296,0.06254,0.03516,0.02822,0.03012,0.17390,4.56032
63626385598817,0,8.960631,0.25497,0.10846,0.05491,0.03074,0.02377,0.02900,0.12704,4.13201
63626385598833,0,8.960631,0.25497,0.10846,0.05491,0.03074,0.02377,0.02900,0.12704,4.13201
63626385598866,0,8.960631,0.25497,0.10846,0.05491,0.03074,0.02377,0.02900,0.12704,4.13201
63626385598883,0,8.960631,0.25497,0.10846,0.05491,0.03074,0.02377,0.02900,0.12704,4.13201
63626385598916,0,8.960631,0.22774,0.10898,0.05516,0.02291,0.02321,0.02938,0.12566,2.53477
63626385598932,0,8.960631,0.22774,0.10898,0.05516,0.02291,0.02321,0.02938,0.12566,2.53477
63626385598965,0,8.960631,0.22774,0.10898,0.05516,0.02291,0.02321,0.02938,0.12566,2.53477
63626385598982,0,8.960631,0.22774,0.10898,0.05516,0.02291,0.02321,0.02938,0.12566,2.53477
63626385599015,0,8.960631,0.21447,0.09843,0.04798,0.02023,0.02054,0.03427,0.11418,1.40388
63626385599048,0,8.960631,0.21447,0.09843,0.04798,0.02023,0.02054,0.03427,0.11418,1.40388
63626385599065,0,8.960631,0.21447,0.09843,0.04798,0.02023,0.02054,0.03427,0.11418,1.40388
63626385599098,0,8.960631,0.18145,0.07914,0.04319,0.02029,0.02126,0.03916,0.10224,1.37758
63626385599114,0,8.960631,0.18145,0.07914,0.04319,0.02029,0.02126,0.03916,0.10224,1.37758
63626385599148,0,8.960631,0.18145,0.07914,0.04319,0.02029,0.02126,0.03916,0.10224,1.37758
63626385599165,0,8.960631,0.18145,0.07914,0.04319,0.02029,0.02126,0.03916,0.10224,1.37758
63626385599198,0,8.960631,0.17760,0.07527,0.04323,0.02102,0.02369,0.03695,0.10383,1.49796
63626385599231,0,8.960631,0.17760,0.07527,0.04323,0.02102,0.02369,0.03695,0.10383,1.49796
63626385599247,0,8.960631,0.17760,0.07527,0.04323,0.02102,0.02369,0.03695,0.10383,1.49796
63626385599280,0,8.960631,0.17760,0.07527,0.04323,0.02102,0.02369,0.03695,0.10383,1.49796
63626385599297,0,8.960631,0.23741,0.09163,0.04188,0.02055,0.02208,0.03488,0.10637,1.63663
63626385599330,0,8.960631,0.23741,0.09163,0.04188,0.02055,0.02208,0.03488,0.10637,1.63663
63626385599346,0,8.960631,0.23741,0.09163,0.04188,0.02055,0.02208,0.03488,0.10637,1.63663
63626385599380,0,8.960631,0.23741,0.09163,0.04188,0.02055,0.02208,0.03488,0.10637,1.63663
63626385599412,0,8.960631,0.28106,0.09351,0.04082,0.01919,0.01983,0.03418,0.09699,1.53277
63626385599429,0,8.960631,0.28106,0.09351,0.04082,0.01919,0.01983,0.03418,0.09699,1.53277
63626385599462,0,8.960631,0.28106,0.09351,0.04082,0.01919,0.01983,0.03418,0.09699,1.53277
63626385599479,0,8.960631,0.28106,0.09351,0.04082,0.01919,0.01983,0.03418,0.09699,1.53277
63626385599513,0,8.960631,0.27234,0.09294,0.03612,0.01714,0.01869,0.02838,0.09092,1.37243
63626385599529,0,8.960631,0.27234,0.09294,0.03612,0.01714,0.01869,0.02838,0.09092,1.37243
63626385599562,0,8.960631,0.27234,0.09294,0.03612,0.01714,0.01869,0.02838,0.09092,1.37243
63626385599595,0,8.960631,0.27234,0.09294,0.03612,0.01714,0.01869,0.02838,0.09092,1.37243
63626385599612,0,8.960631,0.29404,0.10098,0.03463,0.01679,0.01737,0.02198,0.09462,1.34105
63626385599645,0,8.960631,0.29404,0.10098,0.03463,0.01679,0.01737,0.02198,0.09462,1.34105
63626385599678,0,8.960631,0.29404,0.10098,0.03463,0.01679,0.01737,0.02198,0.09462,1.34105
63626385599694,0,8.960631,0.24019,0.08200,0.03337,0.01798,0.01618,0.01927,0.09181,1.34278
63626385599727,0,8.960631,0.24019,0.08200,0.03337,0.01798,0.01618,0.01927,0.09181,1.34278
63626385599744,0,8.960631,0.24019,0.08200,0.03337,0.01798,0.01618,0.01927,0.09181,1.34278
63626385599777,0,8.960631,0.24019,0.08200,0.03337,0.01798,0.01618,0.01927,0.09181,1.34278
63626385599793,0,8.960631,0.18693,0.06890,0.02957,0.01787,0.01458,0.01749,0.08899,1.35815
63626385599826,0,8.960631,0.18693,0.06890,0.02957,0.01787,0.01458,0.01749,0.08899,1.35815
63626385599843,0,8.960631,0.18693,0.06890,0.02957,0.01787,0.01458,0.01749,0.08899,1.35815
63626385599876,0,8.960631,0.18693,0.06890,0.02957,0.01787,0.01458,0.01749,0.08899,1.35815
63626385599910,0,8.960631,0.22037,0.07482,0.02927,0.01588,0.01485,0.02259,0.09165,1.38166
63626385599926,0,8.960631,0.22037,0.07482,0.02927,0.01588,0.01485,0.02259,0.09165,1.38166
63626385599959,0,8.960631,0.22037,0.07482,0.02927,0.01588,0.01485,0.02259,0.09165,1.38166
63626385599977,0,8.960631,0.22037,0.07482,0.02927,0.01588,0.01485,0.02259,0.09165,1.38166
63626385600009,0,8.960631,0.23951,0.07497,0.02559,0.01551,0.01660,0.02151,0.08782,1.36825
63626385600042,0,8.960631,0.23951,0.07497,0.02559,0.01551,0.01660,0.02151,0.08782,1.36825
63626385600059,0,8.960631,0.23951,0.07497,0.02559,0.01551,0.01660,0.02151,0.08782,1.36825
63626385600092,0,8.960631,0.23951,0.07497,0.02559,0.01551,0.01660,0.02151,0.08782,1.36825
63626385600109,0,8.960631,0.22272,0.07122,0.02546,0.01537,0.01697,0.01665,0.08564,1.39846
63626385600142,0,8.960631,0.22272,0.07122,0.02546,0.01537,0.01697,0.01665,0.08564,1.39846
63626385600158,0,8.960631,0.22272,0.07122,0.02546,0.01537,0.01697,0.01665,0.08564,1.39846
63626385600191,0,8.960631,0.19819,0.06415,0.02676,0.01488,0.01666,0.01862,0.08595,1.47173
63626385600224,0,8.960631,0.19819,0.06415,0.02676,0.01488,0.01666,0.01862,0.08595,1.47173
63626385600241,0,8.960631,0.19819,0.06415,0.02676,0.01488,0.01666,0.01862,0.08595,1.47173
63626385600274,0,8.960631,0.19819,0.06415,0.02676,0.01488,0.01666,0.01862,0.08595,1.47173
63626385600291,0,8.960631,0.20495,0.07524,0.02597,0.01702,0.01565,0.01840,0.08377,1.52736
63626385600324,0,8.960631,0.20495,0.07524,0.02597,0.01702,0.01565,0.01840,0.08377,1.52736
63626385600341,0,8.960631,0.20495,0.07524,0.02597,0.01702,0.01565,0.01840,0.08377,1.52736
63626385600374,0,8.960631,0.20495,0.07524,0.02597,0.01702,0.01565,0.01840,0.08377,1.52736
63626385600407,0,8.960631,0.22914,0.07719,0.02580,0.01715,0.01514,0.01721,0.08291,1.57295
63626385600423,0,8.960631,0.22914,0.07719,0.02580,0.01715,0.01514,0.01721,0.08291,1.57295
63626385600456,0,8.960631,0.22914,0.07719,0.02580,0.01715,0.01514,0.01721,0.08291,1.57295
63626385600473,0,8.960631,0.22914,0.07719,0.02580,0.01715,0.01514,0.01721,0.08291,1.57295
63626385600506,0,8.960631,0.30894,0.07251,0.02716,0.01518,0.01604,0.01771,0.08239,1.60355
63626385600539,0,8.960631,0.30894,0.07251,0.02716,0.01518,0.01604,0.01771,0.08239,1.60355
63626385600556,0,8.960631,0.30894,0.07251,0.02716,0.01518,0.01604,0.01771,0.08239,1.60355
63626385600588,0,8.960631,0.30894,0.07251,0.02716,0.01518,0.01604,0.01771,0.08239,1.60355
63626385600605,0,8.960631,0.30663,0.07185,0.02895,0.01603,0.01645,0.01855,0.08213,1.61576
63626385600639,0,8.960631,0.30663,0.07185,0.02895,0.01603,0.01645,0.01855,0.08213,1.61576
63626385600672,0,8.960631,0.30663,0.07185,0.02895,0.01603,0.01645,0.01855,0.08213,1.61576
63626385600689,0,8.960631,0.22037,0.05979,0.02727,0.01604,0.01531,0.01625,0.08086,1.60661
63626385600721,0,8.960631,0.22037,0.05979,0.02727,0.01604,0.01531,0.01625,0.08086,1.60661
63626385600739,0,8.960631,0.22037,0.05979,0.02727,0.01604,0.01531,0.01625,0.08086,1.60661
63626385600771,0,8.960631,0.22037,0.05979,0.02727,0.01604,0.01531,0.01625,0.08086,1.60661
63626385600788,0,8.960631,0.22192,0.07170,0.02674,0.01578,0.01523,0.01541,0.07978,1.59605
63626385600821,0,8.960631,0.22192,0.07170,0.02674,0.01578,0.01523,0.01541,0.07978,1.59605
63626385600854,0,8.960631,0.22192,0.07170,0.02674,0.01578,0.01523,0.01541,0.07978,1.59605
63626385600871,0,8.960631,0.22192,0.07170,0.02674,0.01578,0.01523,0.01541,0.07978,1.59605
63626385600904,0,8.960631,0.21871,0.07376,0.02860,0.01737,0.01691,0.01715,0.07994,1.63392
63626385600920,0,8.960631,0.21871,0.07376,0.02860,0.01737,0.01691,0.01715,0.07994,1.63392
63626385600953,0,8.960631,0.21871,0.07376,0.02860,0.01737,0.01691,0.01715,0.07994,1.63392
63626385600986,0,8.960631,0.21871,0.07376,0.02860,0.01737,0.01691,0.01715,0.07994,1.63392
63626385601002,0,8.960631,0.19459,0.06564,0.02782,0.01742,0.01711,0.01788,0.08060,1.63354
63626385601035,0,8.960631,0.19459,0.06564,0.02782,0.01742,0.01711,0.01788,0.08060,1.63354
63626385601070,0,8.960631,0.19459,0.06564,0.02782,0.01742,0.01711,0.01788,0.08060,1.63354
63626385601087,0,8.960631,0.19459,0.06564,0.02782,0.01742,0.01711,0.01788,0.08060,1.63354
63626385601119,0,8.960631,0.24252,0.06756,0.02816,0.01615,0.01708,0.01851,0.08463,1.70925
63626385601136,0,8.960631,0.24252,0.06756,0.02816,0.01615,0.01708,0.01851,0.08463,1.70925
63626385601169,0,8.960631,0.24252,0.06756,0.02816,0.01615,0.01708,0.01851,0.08463,1.70925
63626385601186,0,8.960631,0.26542,0.06144,0.02842,0.01489,0.01643,0.01850,0.08469,1.80629
63626385601218,0,8.960631,0.26542,0.06144,0.02842,0.01489,0.01643,0.01850,0.08469,1.80629
63626385601251,0,8.960631,0.26542,0.06144,0.02842,0.01489,0.01643,0.01850,0.08469,1.80629
63626385601268,0,8.960631,0.26542,0.06144,0.02842,0.01489,0.01643,0.01850,0.08469,1.80629
63626385601301,0,8.960631,0.22864,0.06741,0.02841,0.01412,0.01654,0.01662,0.08608,1.80267
63626385601317,0,8.960631,0.22864,0.06741,0.02841,0.01412,0.01654,0.01662,0.08608,1.80267
63626385601350,0,8.960631,0.22864,0.06741,0.02841,0.01412,0.01654,0.01662,0.08608,1.80267
63626385601383,0,8.960631,0.22864,0.06741,0.02841,0.01412,0.01654,0.01662,0.08608,1.80267
63626385601400,0,8.960631,0.22649,0.07960,0.03041,0.01508,0.01698,0.01618,0.08593,1.81433
63626385601434,0,8.960631,0.22649,0.07960,0.03041,0.01508,0.01698,0.01618,0.08593,1.81433
63626385601451,0,8.960631,0.22649,0.07960,0.03041,0.01508,0.01698,0.01618,0.08593,1.81433
63626385601483,0,8.960631,0.22649,0.07960,0.03041,0.01508,0.01698,0.01618,0.08593,1.81433
63626385601500,0,8.960631,0.22159,0.08090,0.03070,0.01717,0.01524,0.01742,0.08102,1.81840
63626385601550,0,8.960631,0.22159,0.08090,0.03070,0.01717,0.01524,0.01742,0.08102,1.81840
63626385601566,0,8.960631,0.22159,0.08090,0.03070,0.01717,0.01524,0.01742,0.08102,1.81840
63626385601583,0,8.960631,0.22159,0.08090,0.03070,0.01717,0.01524,0.01742,0.08102,1.81840
63626385601616,0,8.960631,0.24689,0.07207,0.02941,0.01705,0.01445,0.01697,0.08204,1.83630
63626385601649,0,8.960631,0.24689,0.07207,0.02941,0.01705,0.01445,0.01697,0.08204,1.83630
63626385601665,0,8.960631,0.24689,0.07207,0.02941,0.01705,0.01445,0.01697,0.08204,1.83630
63626385601698,0,8.960631,0.27387,0.07728,0.02650,0.01503,0.01484,0.01680,0.08204,1.86911
63626385601715,0,8.960631,0.27387,0.07728,0.02650,0.01503,0.01484,0.01680,0.08204,1.86911
63626385601749,0,8.960631,0.27387,0.07728,0.02650,0.01503,0.01484,0.01680,0.08204,1.86911
63626385601765,0,8.960631,0.27387,0.07728,0.02650,0.01503,0.01484,0.01680,0.08204,1.86911
63626385601799,0,8.960631,0.25509,0.07714,0.02453,0.01452,0.01592,0.01699,0.08060,1.89937
63626385601832,0,8.960631,0.25509,0.07714,0.02453,0.01452,0.01592,0.01699,0.08060,1.89937
63626385601849,0,8.960631,0.25509,0.07714,0.02453,0.01452,0.01592,0.01699,0.08060,1.89937
63626385601881,0,8.960631,0.25509,0.07714,0.02453,0.01452,0.01592,0.01699,0.08060,1.89937
63626385601898,0,8.960631,0.25085,0.06750,0.02623,0.01543,0.01608,0.01737,0.08243,1.90929
63626385601931,0,8.960631,0.25085,0.06750,0.02623,0.01543,0.01608,0.01737,0.08243,1.90929
63626385601964,0,8.960631,0.25085,0.06750,0.02623,0.01543,0.01608,0.01737,0.08243,1.90929
63626385601981,0,8.960631,0.25085,0.06750,0.02623,0.01543,0.01608,0.01737,0.08243,1.90929
63626385602014,0,8.960631,0.26150,0.08098,0.02829,0.01696,0.01578,0.01735,0.08392,1.90956
63626385602030,0,8.960631,0.26150,0.08098,0.02829,0.01696,0.01578,0.01735,0.08392,1.90956
63626385602063,0,8.960631,0.26150,0.08098,0.02829,0.01696,0.01578,0.01735,0.08392,1.90956
63626385602096,0,8.960631,0.26050,0.08472,0.02932,0.01748,0.01606,0.01714,0.08244,1.92584
63626385602113,0,8.960631,0.26050,0.08472,0.02932,0.01748,0.01606,0.01714,0.08244,1.92584
63626385602146,0,8.960631,0.26050,0.08472,0.02932,0.01748,0.01606,0.01714,0.08244,1.92584
63626385602163,0,8.960631,0.26050,0.08472,0.02932,0.01748,0.01606,0.01714,0.08244,1.92584
63626385602196,0,8.960631,0.27224,0.08357,0.02897,0.01711,0.01612,0.01731,0.08001,1.94448
63626385602213,0,8.960631,0.27224,0.08357,0.02897,0.01711,0.01612,0.01731,0.08001,1.94448
63626385602246,0,8.960631,0.27224,0.08357,0.02897,0.01711,0.01612,0.01731,0.08001,1.94448
63626385602263,0,8.960631,0.27224,0.08357,0.02897,0.01711,0.01612,0.01731,0.08001,1.94448
63626385602295,0,8.960631,0.25728,0.08039,0.02958,0.01632,0.01531,0.01707,0.08058,1.93717
63626385602328,0,8.960631,0.25728,0.08039,0.02958,0.01632,0.01531,0.01707,0.08058,1.93717
63626385602345,0,8.960631,0.25728,0.08039,0.02958,0.01632,0.01531,0.01707,0.08058,1.93717
63626385602378,0,8.960631,0.25728,0.08039,0.02958,0.01632,0.01531,0.01707,0.08058,1.93717
63626385602395,0,8.960631,0.26890,0.07721,0.03053,0.01471,0.01549,0.01744,0.08253,1.94781
63626385602427,0,8.960631,0.26890,0.07721,0.03053,0.01471,0.01549,0.01744,0.08253,1.94781
63626385602461,0,8.960631,0.26890,0.07721,0.03053,0.01471,0.01549,0.01744,0.08253,1.94781
63626385602477,0,8.960631,0.26890,0.07721,0.03053,0.01471,0.01549,0.01744,0.08253,1.94781
63626385602511,0,8.960631,0.30186,0.08036,0.03104,0.01468,0.01665,0.01715,0.08260,1.98963
63626385602527,0,8.960631,0.30186,0.08036,0.03104,0.01468,0.01665,0.01715,0.08260,1.98963
63626385602561,0,8.960631,0.30186,0.08036,0.03104,0.01468,0.01665,0.01715,0.08260,1.98963
63626385602594,0,8.960631,0.30186,0.08036,0.03104,0.01468,0.01665,0.01715,0.08260,1.98963
63626385602611,0,8.960631,0.28435,0.07749,0.03035,0.01582,0.01580,0.01741,0.08442,1.98776
63626385602643,0,8.960631,0.28435,0.07749,0.03035,0.01582,0.01580,0.01741,0.08442,1.98776
63626385602676,0,8.960631,0.28435,0.07749,0.03035,0.01582,0.01580,0.01741,0.08442,1.98776
63626385602693,0,8.960631,0.27421,0.08439,0.03189,0.01729,0.01668,0.01891,0.08287,1.96235
63626385602726,0,8.960631,0.27421,0.08439,0.03189,0.01729,0.01668,0.01891,0.08287,1.96235
63626385602742,0,8.960631,0.27421,0.08439,0.03189,0.01729,0.01668,0.01891,0.08287,1.96235
63626385602775,0,8.960631,0.27421,0.08439,0.03189,0.01729,0.01668,0.01891,0.08287,1.96235
63626385602792,0,8.960631,0.23942,0.08694,0.02712,0.01616,0.01652,0.01791,0.08137,1.93442
63626385602825,0,8.960631,0.23942,0.08694,0.02712,0.01616,0.01652,0.01791,0.08137,1.93442
63626385602842,0,8.960631,0.23942,0.08694,0.02712,0.01616,0.01652,0.01791,0.08137,1.93442
63626385602874,0,8.960631,0.23942,0.08694,0.02712,0.01616,0.01652,0.01791,0.08137,1.93442
63626385602907,0,8.960631,0.22908,0.07077,0.02436,0.01505,0.01451,0.01565,0.08533,1.92982
63626385602924,0,8.960631,0.22908,0.07077,0.02436,0.01505,0.01451,0.01565,0.08533,1.92982
63626385602958,0,8.960631,0.22908,0.07077,0.02436,0.01505,0.01451,0.01565,0.08533,1.92982
63626385602992,0,8.960631,0.22908,0.07077,0.02436,0.01505,0.01451,0.01565,0.08533,1.92982
63626385603008,0,8.960631,0.27552,0.06641,0.02659,0.01634,0.01377,0.01503,0.08451,1.96600
63626385603041,0,8.960631,0.27552,0.06641,0.02659,0.01634,0.01377,0.01503,0.08451,1.96600
63626385603057,0,8.960631,0.27552,0.06641,0.02659,0.01634,0.01377,0.01503,0.08451,1.96600
63626385603091,0,8.960631,0.27552,0.06641,0.02659,0.01634,0.01377,0.01503,0.08451,1.96600
63626385603107,0,8.960631,0.33230,0.07879,0.02608,0.01593,0.01468,0.01518,0.08139,2.01366
63626385603140,0,8.960631,0.33230,0.07879,0.02608,0.01593,0.01468,0.01518,0.08139,2.01366
63626385603173,0,8.960631,0.33230,0.07879,0.02608,0.01593,0.01468,0.01518,0.08139,2.01366
63626385603190,0,8.960631,0.33230,0.07879,0.02608,0.01593,0.01468,0.01518,0.08139,2.01366
63626385603223,0,8.960631,0.30558,0.07440,0.02953,0.01607,0.01615,0.01597,0.08171,2.05073
63626385603239,0,8.960631,0.30558,0.07440,0.02953,0.01607,0.01615,0.01597,0.08171,2.05073
63626385603272,0,8.960631,0.30558,0.07440,0.02953,0.01607,0.01615,0.01597,0.08171,2.05073
63626385603289,0,8.960631,0.30558,0.07440,0.02953,0.01607,0.01615,0.01597,0.08171,2.05073
63626385603323,0,8.960631,0.26016,0.06560,0.02801,0.01751,0.01593,0.01612,0.07959,2.04442
63626385603356,0,8.960631,0.26016,0.06560,0.02801,0.01751,0.01593,0.01612,0.07959,2.04442
63626385603389,0,8.960631,0.26016,0.06560,0.02801,0.01751,0.01593,0.01612,0.07959,2.04442
63626385603405,0,8.960631,0.25712,0.06190,0.02617,0.01664,0.01579,0.01691,0.08163,2.00874
63626385603439,0,8.960631,0.25712,0.06190,0.02617,0.01664,0.01579,0.01691,0.08163,2.00874
63626385603455,0,8.960631,0.25712,0.06190,0.02617,0.01664,0.01579,0.01691,0.08163,2.00874
63626385603488,0,8.960631,0.25712,0.06190,0.02617,0.01664,0.01579,0.01691,0.08163,2.00874
63626385603504,0,8.960631,0.26027,0.07472,0.02552,0.01411,0.01444,0.01654,0.08690,2.00602
63626385603537,0,8.960631,0.26027,0.07472,0.02552,0.01411,0.01444,0.01654,0.08690,2.00602
63626385603571,0,8.960631,0.26027,0.07472,0.02552,0.01411,0.01444,0.01654,0.08690,2.00602
63626385603588,0,8.960631,0.28772,0.08417,0.03015,0.01438,0.01375,0.01676,0.08637,2.00007
63626385603620,0,8.960631,0.28772,0.08417,0.03015,0.01438,0.01375,0.01676,0.08637,2.00007
63626385603637,0,8.960631,0.28772,0.08417,0.03015,0.01438,0.01375,0.01676,0.08637,2.00007
63626385603670,0,8.960631,0.28772,0.08417,0.03015,0.01438,0.01375,0.01676,0.08637,2.00007
63626385603688,0,8.960631,0.25393,0.07211,0.03097,0.01601,0.01523,0.01765,0.08487,1.97899
63626385603720,0,8.960631,0.25393,0.07211,0.03097,0.01601,0.01523,0.01765,0.08487,1.97899
63626385603753,0,8.960631,0.25393,0.07211,0.03097,0.01601,0.01523,0.01765,0.08487,1.97899
63626385603770,0,8.960631,0.25393,0.07211,0.03097,0.01601,0.01523,0.01765,0.08487,1.97899
63626385603803,0,8.960631,0.27906,0.07550,0.02549,0.01645,0.01545,0.01496,0.08472,2.01530
63626385603820,0,8.960631,0.27906,0.07550,0.02549,0.01645,0.01545,0.01496,0.08472,2.01530
63626385603853,0,8.960631,0.27906,0.07550,0.02549,0.01645,0.01545,0.01496,0.08472,2.01530
63626385603886,0,8.960631,0.27906,0.07550,0.02549,0.01645,0.01545,0.01496,0.08472,2.01530
63626385603918,0,8.960631,0.31602,0.07866,0.02689,0.01631,0.01661,0.01475,0.08602,2.07063
63626385603935,0,8.960631,0.31602,0.07866,0.02689,0.01631,0.01661,0.01475,0.08602,2.07063
63626385603952,0,8.960631,0.31602,0.07866,0.02689,0.01631,0.01661,0.01475,0.08602,2.07063
63626385603984,0,8.960631,0.31602,0.07866,0.02689,0.01631,0.01661,0.01475,0.08602,2.07063
63626385604018,0,8.960631,0.29493,0.07247,0.02786,0.01528,0.01712,0.01614,0.08589,2.10345
63626385604035,0,8.960631,0.29493,0.07247,0.02786,0.01528,0.01712,0.01614,0.08589,2.10345
63626385604069,0,8.960631,0.29493,0.07247,0.02786,0.01528,0.01712,0.01614,0.08589,2.10345
63626385604085,0,8.960631,0.25416,0.07102,0.02699,0.01515,0.01564,0.01543,0.08418,2.09757
63626385604118,0,8.960631,0.25416,0.07102,0.02699,0.01515,0.01564,0.01543,0.08418,2.09757
63626385604151,0,8.960631,0.25416,0.07102,0.02699,0.01515,0.01564,0.01543,0.08418,2.09757
63626385604168,0,8.960631,0.25416,0.07102,0.02699,0.01515,0.01564,0.01543,0.08418,2.09757
63626385604200,0,8.960631,0.22057,0.07002,0.02722,0.01670,0.01684,0.01662,0.08356,2.09876
63626385604217,0,8.960631,0.22057,0.07002,0.02722,0.01670,0.01684,0.01662,0.08356,2.09876
63626385604250,0,8.960631,0.22057,0.07002,0.02722,0.01670,0.01684,0.01662,0.08356,2.09876
63626385604283,0,8.960631,0.22057,0.07002,0.02722,0.01670,0.01684,0.01662,0.08356,2.09876
63626385604299,0,8.960631,0.22738,0.06879,0.02726,0.01630,0.01746,0.01731,0.08325,2.12167
63626385604332,0,8.960631,0.22738,0.06879,0.02726,0.01630,0.01746,0.01731,0.08325,2.12167
63626385604349,0,8.960631,0.22738,0.06879,0.02726,0.01630,0.01746,0.01731,0.08325,2.12167
63626385604383,0,8.960631,0.22738,0.06879,0.02726,0.01630,0.01746,0.01731,0.08325,2.12167
63626385604416,0,8.960631,0.24689,0.08105,0.02676,0.01605,0.01660,0.01714,0.08119,2.11530
63626385604433,0,8.960631,0.24689,0.08105,0.02676,0.01605,0.01660,0.01714,0.08119,2.11530
63626385604466,0,8.960631,0.24689,0.08105,0.02676,0.01605,0.01660,0.01714,0.08119,2.11530
63626385604483,0,8.960631,0.24689,0.08105,0.02676,0.01605,0.01660,0.01714,0.08119,2.11530
63626385604523,0,8.960631,0.25918,0.09131,0.02757,0.01607,0.01516,0.01744,0.07912,2.08274
63626385604539,0,8.960631,0.25918,0.09131,0.02757,0.01607,0.01516,0.01744,0.07912,2.08274
63626385604573,0,8.960631,0.25918,0.09131,0.02757,0.01607,0.01516,0.01744,0.07912,2.08274
63626385604589,0,8.960631,0.26611,0.09656,0.02784,0.01479,0.01496,0.01750,0.07929,2.08476
63626385604622,0,8.960631,0.26611,0.09656,0.02784,0.01479,0.01496,0.01750,0.07929,2.08476
63626385604638,0,8.960631,0.26611,0.09656,0.02784,0.01479,0.01496,0.01750,0.07929,2.08476
63626385604672,0,8.960631,0.26611,0.09656,0.02784,0.01479,0.01496,0.01750,0.07929,2.08476
63626385604688,0,8.960631,0.33024,0.10074,0.02659,0.01605,0.01571,0.01692,0.08180,2.12411
63626385604722,0,8.960631,0.33024,0.10074,0.02659,0.01605,0.01571,0.01692,0.08180,2.12411
63626385604754,0,8.960631,0.33024,0.10074,0.02659,0.01605,0.01571,0.01692,0.08180,2.12411
63626385604771,0,8.960631,0.33024,0.10074,0.02659,0.01605,0.01571,0.01692,0.08180,2.12411
63626385604805,0,8.960631,0.34208,0.08903,0.02831,0.01627,0.01610,0.01674,0.08640,2.14590
63626385604822,0,8.960631,0.34208,0.08903,0.02831,0.01627,0.01610,0.01674,0.08640,2.14590
63626385604854,0,8.960631,0.34208,0.08903,0.02831,0.01627,0.01610,0.01674,0.08640,2.14590
63626385604887,0,8.960631,0.34208,0.08903,0.02831,0.01627,0.01610,0.01674,0.08640,2.14590
63626385604903,0,8.960631,0.28696,0.07556,0.02748,0.01523,0.01702,0.01703,0.08599,2.14774
63626385604937,0,8.960631,0.28696,0.07556,0.02748,0.01523,0.01702,0.01703,0.08599,2.14774
63626385604970,0,8.960631,0.28696,0.07556,0.02748,0.01523,0.01702,0.01703,0.08599,2.14774
63626385604986,0,8.960631,0.24184,0.08516,0.02517,0.01579,0.01614,0.01851,0.08117,2.14086
63626385605019,0,8.960631,0.24184,0.08516,0.02517,0.01579,0.01614,0.01851,0.08117,2.14086
63626385605036,0,8.960631,0.24184,0.08516,0.02517,0.01579,0.01614,0.01851,0.08117,2.14086
63626385605069,0,8.960631,0.24184,0.08516,0.02517,0.01579,0.01614,0.01851,0.08117,2.14086
63626385605085,0,8.960631,0.21434,0.08949,0.02423,0.01498,0.01503,0.01775,0.08184,2.13533
63626385605118,0,8.960631,0.21434,0.08949,0.02423,0.01498,0.01503,0.01775,0.08184,2.13533
63626385605153,0,8.960631,0.21434,0.08949,0.02423,0.01498,0.01503,0.01775,0.08184,2.13533
63626385605170,0,8.960631,0.21434,0.08949,0.02423,0.01498,0.01503,0.01775,0.08184,2.13533
63626385605202,0,8.960631,0.29311,0.08152,0.02257,0.01472,0.01465,0.01665,0.08306,2.10564
63626385605219,0,8.960631,0.29311,0.08152,0.02257,0.01472,0.01465,0.01665,0.08306,2.10564
63626385605252,0,8.960631,0.29311,0.08152,0.02257,0.01472,0.01465,0.01665,0.08306,2.10564
63626385605285,0,8.960631,0.29311,0.08152,0.02257,0.01472,0.01465,0.01665,0.08306,2.10564
63626385605301,0,8.960631,0.31305,0.07643,0.02129,0.01467,0.01559,0.01749,0.08492,2.08166
63626385605335,0,8.960631,0.31305,0.07643,0.02129,0.01467,0.01559,0.01749,0.08492,2.08166
63626385605351,0,8.960631,0.31305,0.07643,0.02129,0.01467,0.01559,0.01749,0.08492,2.08166
63626385605384,0,8.960631,0.31305,0.07643,0.02129,0.01467,0.01559,0.01749,0.08492,2.08166
63626385605401,0,8.960631,0.23647,0.06386,0.02360,0.01559,0.01712,0.01670,0.08697,2.10575
63626385605433,0,8.960631,0.23647,0.06386,0.02360,0.01559,0.01712,0.01670,0.08697,2.10575
63626385605466,0,8.960631,0.23647,0.06386,0.02360,0.01559,0.01712,0.01670,0.08697,2.10575
63626385605483,0,8.960631,0.23647,0.06386,0.02360,0.01559,0.01712,0.01670,0.08697,2.10575
63626385605517,0,8.960631,0.27466,0.06635,0.02816,0.01525,0.01720,0.01613,0.08462,2.13819
63626385605550,0,8.960631,0.27466,0.06635,0.02816,0.01525,0.01720,0.01613,0.08462,2.13819
63626385605567,0,8.960631,0.27466,0.06635,0.02816,0.01525,0.01720,0.01613,0.08462,2.13819
63626385605600,0,8.960631,0.28308,0.06427,0.02840,0.01389,0.01541,0.01527,0.08145,2.16077
63626385605616,0,8.960631,0.28308,0.06427,0.02840,0.01389,0.01541,0.01527,0.08145,2.16077
63626385605650,0,8.960631,0.28308,0.06427,0.02840,0.01389,0.01541,0.01527,0.08145,2.16077
63626385605666,0,8.960631,0.28308,0.06427,0.02840,0.01389,0.01541,0.01527,0.08145,2.16077
63626385605699,0,8.960631,0.27051,0.06250,0.02755,0.01559,0.01500,0.01512,0.08244,2.16460
63626385605732,0,8.960631,0.27051,0.06250,0.02755,0.01559,0.01500,0.01512,0.08244,2.16460
63626385605748,0,8.960631,0.27051,0.06250,0.02755,0.01559,0.01500,0.01512,0.08244,2.16460
63626385605782,0,8.960631,0.27051,0.06250,0.02755,0.01559,0.01500,0.01512,0.08244,2.16460
63626385605798,0,8.960631,0.30020,0.07804,0.02659,0.01616,0.01582,0.01542,0.08579,2.15525
63626385605831,0,8.960631,0.30020,0.07804,0.02659,0.01616,0.01582,0.01542,0.08579,2.15525
63626385605848,0,8.960631,0.30020,0.07804,0.02659,0.01616,0.01582,0.01542,0.08579,2.15525
63626385605881,0,8.960631,0.30020,0.07804,0.02659,0.01616,0.01582,0.01542,0.08579,2.15525
63626385605914,0,8.960631,0.31983,0.08413,0.02544,0.01538,0.01580,0.01524,0.08498,2.15288
63626385605931,0,8.960631,0.31983,0.08413,0.02544,0.01538,0.01580,0.01524,0.08498,2.15288
63626385605964,0,8.960631,0.31983,0.08413,0.02544,0.01538,0.01580,0.01524,0.08498,2.15288
63626385605980,0,8.960631,0.31983,0.08413,0.02544,0.01538,0.01580,0.01524,0.08498,2.15288
63626385606013,0,8.960631,0.30664,0.07705,0.02369,0.01492,0.01604,0.01469,0.08621,2.13575
63626385606030,0,8.960631,0.30664,0.07705,0.02369,0.01492,0.01604,0.01469,0.08621,2.13575
63626385606063,0,8.960631,0.30664,0.07705,0.02369,0.01492,0.01604,0.01469,0.08621,2.13575
63626385606096,0,8.960631,0.28105,0.07576,0.02426,0.01459,0.01599,0.01591,0.08574,2.11228
63626385606113,0,8.960631,0.28105,0.07576,0.02426,0.01459,0.01599,0.01591,0.08574,2.11228
63626385606146,0,8.960631,0.28105,0.07576,0.02426,0.01459,0.01599,0.01591,0.08574,2.11228
63626385606162,0,8.960631,0.28105,0.07576,0.02426,0.01459,0.01599,0.01591,0.08574,2.11228
63626385606195,0,8.960631,0.32239,0.08574,0.02566,0.01434,0.01487,0.01675,0.08029,2.12270
63626385606228,0,8.960631,0.32239,0.08574,0.02566,0.01434,0.01487,0.01675,0.08029,2.12270
63626385606245,0,8.960631,0.32239,0.08574,0.02566,0.01434,0.01487,0.01675,0.08029,2.12270
63626385606279,0,8.960631,0.32239,0.08574,0.02566,0.01434,0.01487,0.01675,0.08029,2.12270
63626385606296,0,8.960631,0.34605,0.08276,0.02554,0.01451,0.01556,0.01619,0.08309,2.15555
63626385606329,0,8.960631,0.34605,0.08276,0.02554,0.01451,0.01556,0.01619,0.08309,2.15555
63626385606362,0,8.960631,0.34605,0.08276,0.02554,0.01451,0.01556,0.01619,0.08309,2.15555
63626385606378,0,8.960631,0.34605,0.08276,0.02554,0.01451,0.01556,0.01619,0.08309,2.15555
63626385606412,0,8.960631,0.35368,0.08622,0.02529,0.01413,0.01601,0.01616,0.08908,2.17830
63626385606428,0,8.960631,0.35368,0.08622,0.02529,0.01413,0.01601,0.01616,0.08908,2.17830
63626385606461,0,8.960631,0.35368,0.08622,0.02529,0.01413,0.01601,0.01616,0.08908,2.17830
63626385606477,0,8.960631,0.35368,0.08622,0.02529,0.01413,0.01601,0.01616,0.08908,2.17830
63626385606510,0,8.960631,0.34882,0.08697,0.02491,0.01495,0.01558,0.01742,0.08438,2.18183
63626385606543,0,8.960631,0.34882,0.08697,0.02491,0.01495,0.01558,0.01742,0.08438,2.18183
63626385606560,0,8.960631,0.34882,0.08697,0.02491,0.01495,0.01558,0.01742,0.08438,2.18183
63626385606593,0,8.960631,0.31113,0.08611,0.02357,0.01562,0.01713,0.01755,0.08072,2.18639
63626385606611,0,8.960631,0.31113,0.08611,0.02357,0.01562,0.01713,0.01755,0.08072,2.18639
63626385606643,0,8.960631,0.31113,0.08611,0.02357,0.01562,0.01713,0.01755,0.08072,2.18639
63626385606677,0,8.960631,0.31113,0.08611,0.02357,0.01562,0.01713,0.01755,0.08072,2.18639
63626385606693,0,8.960631,0.29065,0.08632,0.02422,0.01557,0.01690,0.01695,0.08364,2.19748
63626385606726,0,8.960631,0.29065,0.08632,0.02422,0.01557,0.01690,0.01695,0.08364,2.19748
63626385606743,0,8.960631,0.29065,0.08632,0.02422,0.01557,0.01690,0.01695,0.08364,2.19748
63626385606776,0,8.960631,0.29065,0.08632,0.02422,0.01557,0.01690,0.01695,0.08364,2.19748
63626385606792,0,8.960631,0.25361,0.07254,0.02525,0.01581,0.01575,0.01710,0.08221,2.19104
63626385606825,0,8.960631,0.25361,0.07254,0.02525,0.01581,0.01575,0.01710,0.08221,2.19104
63626385606842,0,8.960631,0.25361,0.07254,0.02525,0.01581,0.01575,0.01710,0.08221,2.19104
63626385606875,0,8.960631,0.25361,0.07254,0.02525,0.01581,0.01575,0.01710,0.08221,2.19104
63626385606908,0,8.960631,0.25677,0.06622,0.02420,0.01484,0.01487,0.01595,0.08162,2.18174
63626385606925,0,8.960631,0.25677,0.06622,0.02420,0.01484,0.01487,0.01595,0.08162,2.18174
63626385606957,0,8.960631,0.25677,0.06622,0.02420,0.01484,0.01487,0.01595,0.08162,2.18174
63626385606974,0,8.960631,0.25677,0.06622,0.02420,0.01484,0.01487,0.01595,0.08162,2.18174
63626385607007,0,8.960631,0.28418,0.06051,0.02370,0.01447,0.01510,0.01554,0.08417,2.18772
63626385607024,0,8.960631,0.28418,0.06051,0.02370,0.01447,0.01510,0.01554,0.08417,2.18772
63626385607058,0,8.960631,0.28418,0.06051,0.02370,0.01447,0.01510,0.01554,0.08417,2.18772
63626385607090,0,8.960631,0.32802,0.07463,0.02394,0.01533,0.01620,0.01650,0.08520,2.20819
63626385607108,0,8.960631,0.32802,0.07463,0.02394,0.01533,0.01620,0.01650,0.08520,2.20819
63626385607140,0,8.960631,0.32802,0.07463,0.02394,0.01533,0.01620,0.01650,0.08520,2.20819
63626385607157,0,8.960631,0.32802,0.07463,0.02394,0.01533,0.01620,0.01650,0.08520,2.20819
63626385607190,0,8.960631,0.31589,0.07239,0.02542,0.01629,0.01668,0.01707,0.08462,2.23449
63626385607223,0,8.960631,0.31589,0.07239,0.02542,0.01629,0.01668,0.01707,0.08462,2.23449
63626385607240,0,8.960631,0.31589,0.07239,0.02542,0.01629,0.01668,0.01707,0.08462,2.23449
63626385607272,0,8.960631,0.31589,0.07239,0.02542,0.01629,0.01668,0.01707,0.08462,2.23449
63626385607289,0,8.960631,0.27817,0.06801,0.02435,0.01602,0.01708,0.01723,0.08306,2.25275
63626385607322,0,8.960631,0.27817,0.06801,0.02435,0.01602,0.01708,0.01723,0.08306,2.25275
63626385607355,0,8.960631,0.27817,0.06801,0.02435,0.01602,0.01708,0.01723,0.08306,2.25275
63626385607372,0,8.960631,0.27817,0.06801,0.02435,0.01602,0.01708,0.01723,0.08306,2.25275
63626385607406,0,8.960631,0.28435,0.07542,0.02181,0.01531,0.01570,0.01700,0.08008,2.24926
63626385607439,0,8.960631,0.28435,0.07542,0.02181,0.01531,0.01570,0.01700,0.08008,2.24926
63626385607455,0,8.960631,0.28435,0.07542,0.02181,0.01531,0.01570,0.01700,0.08008,2.24926
63626385607488,0,8.960631,0.28435,0.07542,0.02181,0.01531,0.01570,0.01700,0.08008,2.24926
63626385607505,0,8.960631,0.25482,0.06811,0.02108,0.01466,0.01491,0.01617,0.07857,2.24748
63626385607538,0,8.960631,0.25482,0.06811,0.02108,0.01466,0.01491,0.01617,0.07857,2.24748
63626385607555,0,8.960631,0.25482,0.06811,0.02108,0.01466,0.01491,0.01617,0.07857,2.24748
63626385607587,0,8.960631,0.26883,0.06913,0.02450,0.01484,0.01482,0.01722,0.08324,2.24827
63626385607604,0,8.960631,0.26883,0.06913,0.02450,0.01484,0.01482,0.01722,0.08324,2.24827
63626385607637,0,8.960631,0.26883,0.06913,0.02450,0.01484,0.01482,0.01722,0.08324,2.24827
63626385607670,0,8.960631,0.26883,0.06913,0.02450,0.01484,0.01482,0.01722,0.08324,2.24827
63626385607703,0,8.960631,0.28761,0.07209,0.02508,0.01560,0.01457,0.01781,0.08587,2.22571
63626385607720,0,8.960631,0.28761,0.07209,0.02508,0.01560,0.01457,0.01781,0.08587,2.22571
63626385607737,0,8.960631,0.28761,0.07209,0.02508,0.01560,0.01457,0.01781,0.08587,2.22571
63626385607770,0,8.960631,0.28761,0.07209,0.02508,0.01560,0.01457,0.01781,0.08587,2.22571
63626385607803,0,8.960631,0.27716,0.07254,0.02339,0.01607,0.01594,0.01620,0.08654,2.20375
63626385607820,0,8.960631,0.27716,0.07254,0.02339,0.01607,0.01594,0.01620,0.08654,2.20375
63626385607853,0,8.960631,0.27716,0.07254,0.02339,0.01607,0.01594,0.01620,0.08654,2.20375
63626385607869,0,8.960631,0.27716,0.07254,0.02339,0.01607,0.01594,0.01620,0.08654,2.20375
63626385607902,0,8.960631,0.31976,0.06806,0.02397,0.01616,0.01741,0.01581,0.08613,2.21575
63626385607935,0,8.960631,0.31976,0.06806,0.02397,0.01616,0.01741,0.01581,0.08613,2.21575
63626385607952,0,8.960631,0.31976,0.06806,0.02397,0.01616,0.01741,0.01581,0.08613,2.21575
63626385607985,0,8.960631,0.31976,0.06806,0.02397,0.01616,0.01741,0.01581,0.08613,2.21575
63626385608001,0,8.960631,0.32633,0.06031,0.02412,0.01602,0.01628,0.01803,0.08286,2.24435
63626385608035,0,8.960631,0.32633,0.06031,0.02412,0.01602,0.01628,0.01803,0.08286,2.24435
63626385608051,0,8.960631,0.32633,0.06031,0.02412,0.01602,0.01628,0.01803,0.08286,2.24435
63626385608084,0,8.960631,0.32633,0.06031,0.02412,0.01602,0.01628,0.01803,0.08286,2.24435
63626385608118,0,8.960631,0.25677,0.07611,0.02526,0.01615,0.01512,0.01815,0.08511,2.25566
63626385608135,0,8.960631,0.25677,0.07611,0.02526,0.01615,0.01512,0.01815,0.08511,2.25566
63626385608168,0,8.960631,0.25677,0.07611,0.02526,0.01615,0.01512,0.01815,0.08511,2.25566
63626385608184,0,8.960631,0.21556,0.08081,0.02553,0.01581,0.01609,0.01719,0.08360,2.25320
63626385608217,0,8.960631,0.21556,0.08081,0.02553,0.01581,0.01609,0.01719,0.08360,2.25320
63626385608234,0,8.960631,0.21556,0.08081,0.02553,0.01581,0.01609,0.01719,0.08360,2.25320
63626385608267,0,8.960631,0.21556,0.08081,0.02553,0.01581,0.01609,0.01719,0.08360,2.25320
63626385608300,0,8.960631,0.21762,0.06389,0.02292,0.01532,0.01625,0.01633,0.08134,2.24833
63626385608316,0,8.960631,0.21762,0.06389,0.02292,0.01532,0.01625,0.01633,0.08134,2.24833
63626385608350,0,8.960631,0.21762,0.06389,0.02292,0.01532,0.01625,0.01633,0.08134,2.24833
63626385608366,0,8.960631,0.21762,0.06389,0.02292,0.01532,0.01625,0.01633,0.08134,2.24833
63626385608399,0,8.960631,0.25356,0.08106,0.02419,0.01456,0.01644,0.01452,0.08457,2.24106
63626385608432,0,8.960631,0.25356,0.08106,0.02419,0.01456,0.01644,0.01452,0.08457,2.24106
63626385608449,0,8.960631,0.25356,0.08106,0.02419,0.01456,0.01644,0.01452,0.08457,2.24106
63626385608481,0,8.960631,0.25356,0.08106,0.02419,0.01456,0.01644,0.01452,0.08457,2.24106
63626385608499,0,8.960631,0.29578,0.09655,0.02870,0.01551,0.01654,0.01667,0.08534,2.20444
63626385608532,0,8.960631,0.29578,0.09655,0.02870,0.01551,0.01654,0.01667,0.08534,2.20444
63626385608565,0,8.960631,0.29578,0.09655,0.02870,0.01551,0.01654,0.01667,0.08534,2.20444
63626385608582,0,8.960631,0.29578,0.09655,0.02870,0.01551,0.01654,0.01667,0.08534,2.20444
63626385608615,0,8.960631,0.30304,0.08863,0.02853,0.01689,0.01662,0.01830,0.08842,2.15505
63626385608648,0,8.960631,0.30304,0.08863,0.02853,0.01689,0.01662,0.01830,0.08842,2.15505
63626385608664,0,8.960631,0.30304,0.08863,0.02853,0.01689,0.01662,0.01830,0.08842,2.15505
63626385608698,0,8.960631,0.26474,0.07497,0.02580,0.01601,0.01693,0.01732,0.08519,2.16059
63626385608714,0,8.960631,0.26474,0.07497,0.02580,0.01601,0.01693,0.01732,0.08519,2.16059
63626385608747,0,8.960631,0.26474,0.07497,0.02580,0.01601,0.01693,0.01732,0.08519,2.16059
63626385608764,0,8.960631,0.26474,0.07497,0.02580,0.01601,0.01693,0.01732,0.08519,2.16059
63626385608796,0,8.960631,0.23276,0.06457,0.02589,0.01414,0.01511,0.01698,0.08348,2.20756
63626385608813,0,8.960631,0.23276,0.06457,0.02589,0.01414,0.01511,0.01698,0.08348,2.20756
63626385608847,0,8.960631,0.23276,0.06457,0.02589,0.01414,0.01511,0.01698,0.08348,2.20756
63626385608880,0,8.960631,0.23276,0.06457,0.02589,0.01414,0.01511,0.01698,0.08348,2.20756
63626385608896,0,8.960631,0.24009,0.06591,0.02437,0.01380,0.01347,0.01642,0.08769,2.23754
63626385608930,0,8.960631,0.24009,0.06591,0.02437,0.01380,0.01347,0.01642,0.08769,2.23754
63626385608947,0,8.960631,0.24009,0.06591,0.02437,0.01380,0.01347,0.01642,0.08769,2.23754
63626385608979,0,8.960631,0.24009,0.06591,0.02437,0.01380,0.01347,0.01642,0.08769,2.23754
63626385609012,0,8.960631,0.25272,0.07272,0.02500,0.01483,0.01460,0.01863,0.08502,2.23939
63626385609029,0,8.960631,0.25272,0.07272,0.02500,0.01483,0.01460,0.01863,0.08502,2.23939
63626385609062,0,8.960631,0.25272,0.07272,0.02500,0.01483,0.01460,0.01863,0.08502,2.23939
63626385609079,0,8.960631,0.25272,0.07272,0.02500,0.01483,0.01460,0.01863,0.08502,2.23939
63626385609112,0,8.960631,0.30083,0.08327,0.02666,0.01525,0.01591,0.01789,0.08510,2.22597
63626385609145,0,8.960631,0.30083,0.08327,0.02666,0.01525,0.01591,0.01789,0.08510,2.22597
63626385609161,0,8.960631,0.30083,0.08327,0.02666,0.01525,0.01591,0.01789,0.08510,2.22597
63626385609194,0,8.960631,0.31468,0.08224,0.02660,0.01633,0.01631,0.01622,0.08502,2.22991
63626385609227,0,8.960631,0.31468,0.08224,0.02660,0.01633,0.01631,0.01622,0.08502,2.22991
63626385609244,0,8.960631,0.31468,0.08224,0.02660,0.01633,0.01631,0.01622,0.08502,2.22991
63626385609277,0,8.960631,0.31468,0.08224,0.02660,0.01633,0.01631,0.01622,0.08502,2.22991
63626385609294,0,8.960631,0.27402,0.07999,0.02653,0.01695,0.01656,0.01899,0.08468,2.22817
63626385609327,0,8.960631,0.27402,0.07999,0.02653,0.01695,0.01656,0.01899,0.08468,2.22817
63626385609344,0,8.960631,0.27402,0.07999,0.02653,0.01695,0.01656,0.01899,0.08468,2.22817
63626385609377,0,8.960631,0.27402,0.07999,0.02653,0.01695,0.01656,0.01899,0.08468,2.22817
63626385609410,0,8.960631,0.25385,0.07039,0.02581,0.01601,0.01575,0.01885,0.08725,2.19555
63626385609443,0,8.960631,0.25385,0.07039,0.02581,0.01601,0.01575,0.01885,0.08725,2.19555
63626385609459,0,8.960631,0.25385,0.07039,0.02581,0.01601,0.01575,0.01885,0.08725,2.19555
63626385609476,0,8.960631,0.25385,0.07039,0.02581,0.01601,0.01575,0.01885,0.08725,2.19555
63626385609509,0,8.960631,0.28375,0.06468,0.02520,0.01558,0.01531,0.01773,0.08661,2.18225
63626385609525,0,8.960631,0.28375,0.06468,0.02520,0.01558,0.01531,0.01773,0.08661,2.18225
63626385609558,0,8.960631,0.28375,0.06468,0.02520,0.01558,0.01531,0.01773,0.08661,2.18225
63626385609593,0,8.960631,0.28375,0.06468,0.02520,0.01558,0.01531,0.01773,0.08661,2.18225
63626385609609,0,8.960631,0.32321,0.08308,0.02428,0.01623,0.01634,0.01753,0.08416,2.20648
63626385609642,0,8.960631,0.32321,0.08308,0.02428,0.01623,0.01634,0.01753,0.08416,2.20648
63626385609659,0,8.960631,0.32321,0.08308,0.02428,0.01623,0.01634,0.01753,0.08416,2.20648
63626385609692,0,8.960631,0.29201,0.07489,0.02416,0.01572,0.01634,0.01600,0.08397,2.22812
63626385609708,0,8.960631,0.29201,0.07489,0.02416,0.01572,0.01634,0.01600,0.08397,2.22812
63626385609758,0,8.960631,0.29201,0.07489,0.02416,0.01572,0.01634,0.01600,0.08397,2.22812
63626385609774,0,8.960631,0.29201,0.07489,0.02416,0.01572,0.01634,0.01600,0.08397,2.22812
63626385609791,0,8.960631,0.29625,0.06137,0.02506,0.01402,0.01564,0.01574,0.08407,2.23316
63626385609824,0,8.960631,0.29625,0.06137,0.02506,0.01402,0.01564,0.01574,0.08407,2.23316
63626385609841,0,8.960631,0.29625,0.06137,0.02506,0.01402,0.01564,0.01574,0.08407,2.23316
63626385609873,0,8.960631,0.29625,0.06137,0.02506,0.01402,0.01564,0.01574,0.08407,2.23316
63626385609906,0,8.960631,0.31014,0.07200,0.02445,0.01439,0.01711,0.01788,0.08325,2.22554
63626385609923,0,8.960631,0.31014,0.07200,0.02445,0.01439,0.01711,0.01788,0.08325,2.22554
63626385609957,0,8.960631,0.31014,0.07200,0.02445,0.01439,0.01711,0.01788,0.08325,2.22554
63626385609973,0,8.960631,0.31014,0.07200,0.02445,0.01439,0.01711,0.01788,0.08325,2.22554
63626385610007,0,8.960631,0.26507,0.08778,0.02163,0.01652,0.01777,0.01691,0.08373,2.21763
63626385610023,0,8.960631,0.26507,0.08778,0.02163,0.01652,0.01777,0.01691,0.08373,2.21763
63626385610056,0,8.960631,0.26507,0.08778,0.02163,0.01652,0.01777,0.01691,0.08373,2.21763
63626385610089,0,8.960631,0.26507,0.08778,0.02163,0.01652,0.01777,0.01691,0.08373,2.21763
63626385610106,0,8.960631,0.27774,0.08628,0.02074,0.01654,0.01538,0.01516,0.08505,2.17669
63626385610139,0,8.960631,0.27774,0.08628,0.02074,0.01654,0.01538,0.01516,0.08505,2.17669
63626385610155,0,8.960631,0.27774,0.08628,0.02074,0.01654,0.01538,0.01516,0.08505,2.17669
63626385610188,0,8.960631,0.30497,0.07339,0.02052,0.01617,0.01447,0.01593,0.08384,2.11700
63626385610222,0,8.960631,0.30497,0.07339,0.02052,0.01617,0.01447,0.01593,0.08384,2.11700
63626385610238,0,8.960631,0.30497,0.07339,0.02052,0.01617,0.01447,0.01593,0.08384,2.11700
63626385610271,0,8.960631,0.30497,0.07339,0.02052,0.01617,0.01447,0.01593,0.08384,2.11700
63626385610321,0,8.960631,0.28595,0.08420,0.02338,0.01740,0.01476,0.01669,0.08544,2.12218
63626385610355,0,8.960631,0.28595,0.08420,0.02338,0.01740,0.01476,0.01669,0.08544,2.12218
63626385610371,0,8.960631,0.28595,0.08420,0.02338,0.01740,0.01476,0.01669,0.08544,2.12218
63626385610421,0,8.960631,0.28359,0.08856,0.02239,0.01608,0.01390,0.01726,0.08606,2.16542
63626385610454,0,8.960631,0.28359,0.08856,0.02239,0.01608,0.01390,0.01726,0.08606,2.16542
63626385610470,0,8.960631,0.28359,0.08856,0.02239,0.01608,0.01390,0.01726,0.08606,2.16542
63626385610503,0,8.960631,0.27934,0.07769,0.02031,0.01564,0.01495,0.01705,0.08185,2.19987
63626385610536,0,8.960631,0.27934,0.07769,0.02031,0.01564,0.01495,0.01705,0.08185,2.19987
63626385610553,0,8.960631,0.27934,0.07769,0.02031,0.01564,0.01495,0.01705,0.08185,2.19987
63626385610586,0,8.960631,0.27934,0.07769,0.02031,0.01564,0.01495,0.01705,0.08185,2.19987
63626385610603,0,8.960631,0.27427,0.06440,0.02144,0.01651,0.01609,0.01677,0.08319,2.19732
63626385610635,0,8.960631,0.27427,0.06440,0.02144,0.01651,0.01609,0.01677,0.08319,2.19732
63626385610669,0,8.960631,0.27427,0.06440,0.02144,0.01651,0.01609,0.01677,0.08319,2.19732
63626385610685,0,8.960631,0.34769,0.07194,0.02399,0.01572,0.01447,0.01813,0.08751,2.16076
63626385610718,0,8.960631,0.34769,0.07194,0.02399,0.01572,0.01447,0.01813,0.08751,2.16076
63626385610736,0,8.960631,0.34769,0.07194,0.02399,0.01572,0.01447,0.01813,0.08751,2.16076
63626385610769,0,8.960631,0.34769,0.07194,0.02399,0.01572,0.01447,0.01813,0.08751,2.16076
63626385610802,0,8.960631,0.34814,0.07584,0.02524,0.01567,0.01392,0.01759,0.08557,2.12427
63626385610818,0,8.960631,0.34814,0.07584,0.02524,0.01567,0.01392,0.01759,0.08557,2.12427
63626385610852,0,8.960631,0.34814,0.07584,0.02524,0.01567,0.01392,0.01759,0.08557,2.12427
63626385610868,0,8.960631,0.34814,0.07584,0.02524,0.01567,0.01392,0.01759,0.08557,2.12427
63626385610901,0,8.960631,0.27248,0.06877,0.02455,0.01541,0.01514,0.01666,0.08609,2.07143
63626385610951,0,8.960631,0.27248,0.06877,0.02455,0.01541,0.01514,0.01666,0.08609,2.07143
63626385610967,0,8.960631,0.27248,0.06877,0.02455,0.01541,0.01514,0.01666,0.08609,2.07143
63626385611000,0,8.960631,0.27041,0.08357,0.02338,0.01515,0.01573,0.01813,0.08872,2.03210
63626385611033,0,8.960631,0.27041,0.08357,0.02338,0.01515,0.01573,0.01813,0.08872,2.03210
63626385611049,0,8.960631,0.27041,0.08357,0.02338,0.01515,0.01573,0.01813,0.08872,2.03210
63626385611082,0,8.960631,0.27041,0.08357,0.02338,0.01515,0.01573,0.01813,0.08872,2.03210
63626385611116,0,8.960631,0.28127,0.08075,0.02266,0.01598,0.01609,0.01719,0.08810,2.04124
63626385611134,0,8.960631,0.28127,0.08075,0.02266,0.01598,0.01609,0.01719,0.08810,2.04124
63626385611166,0,8.960631,0.28127,0.08075,0.02266,0.01598,0.01609,0.01719,0.08810,2.04124
63626385611182,0,8.960631,0.26649,0.07082,0.02224,0.01658,0.01639,0.01566,0.08719,2.07434
63626385611216,0,8.960631,0.26649,0.07082,0.02224,0.01658,0.01639,0.01566,0.08719,2.07434
63626385611249,0,8.960631,0.26649,0.07082,0.02224,0.01658,0.01639,0.01566,0.08719,2.07434
63626385611265,0,8.960631,0.26649,0.07082,0.02224,0.01658,0.01639,0.01566,0.08719,2.07434
63626385611298,0,8.960631,0.25070,0.07110,0.02105,0.01710,0.01640,0.01538,0.08607,2.10123
63626385611332,0,8.960631,0.25070,0.07110,0.02105,0.01710,0.01640,0.01538,0.08607,2.10123
63626385611354,0,8.960631,0.25070,0.07110,0.02105,0.01710,0.01640,0.01538,0.08607,2.10123
63626385611371,0,8.960631,0.25070,0.07110,0.02105,0.01710,0.01640,0.01538,0.08607,2.10123
63626385611404,0,8.960631,0.27293,0.07863,0.02205,0.01642,0.01634,0.01691,0.08593,2.09821
63626385611437,0,8.960631,0.27293,0.07863,0.02205,0.01642,0.01634,0.01691,0.08593,2.09821
63626385611455,0,8.960631,0.27293,0.07863,0.02205,0.01642,0.01634,0.01691,0.08593,2.09821
63626385611487,0,8.960631,0.27293,0.07863,0.02205,0.01642,0.01634,0.01691,0.08593,2.09821
63626385611504,0,8.960631,0.33319,0.07907,0.02413,0.01705,0.01759,0.01809,0.08866,2.08158
63626385611537,0,8.960631,0.33319,0.07907,0.02413,0.01705,0.01759,0.01809,0.08866,2.08158
63626385611553,0,8.960631,0.33319,0.07907,0.02413,0.01705,0.01759,0.01809,0.08866,2.08158
63626385611586,0,8.960631,0.33319,0.07907,0.02413,0.01705,0.01759,0.01809,0.08866,2.08158
63626385611620,0,8.960631,0.33111,0.07894,0.02404,0.01639,0.01696,0.01699,0.09085,2.07832
63626385611636,0,8.960631,0.33111,0.07894,0.02404,0.01639,0.01696,0.01699,0.09085,2.07832
63626385611669,0,8.960631,0.33111,0.07894,0.02404,0.01639,0.01696,0.01699,0.09085,2.07832
63626385611685,0,8.960631,0.25252,0.07859,0.02209,0.01439,0.01415,0.01551,0.08818,2.06402
63626385611718,0,8.960631,0.25252,0.07859,0.02209,0.01439,0.01415,0.01551,0.08818,2.06402
63626385611735,0,8.960631,0.25252,0.07859,0.02209,0.01439,0.01415,0.01551,0.08818,2.06402
63626385611768,0,8.960631,0.25252,0.07859,0.02209,0.01439,0.01415,0.01551,0.08818,2.06402
63626385611801,0,8.960631,0.26154,0.07849,0.02318,0.01524,0.01414,0.01591,0.08973,2.02417
63626385611818,0,8.960631,0.26154,0.07849,0.02318,0.01524,0.01414,0.01591,0.08973,2.02417
63626385611851,0,8.960631,0.26154,0.07849,0.02318,0.01524,0.01414,0.01591,0.08973,2.02417
63626385611868,0,8.960631,0.26154,0.07849,0.02318,0.01524,0.01414,0.01591,0.08973,2.02417
63626385611902,0,8.960631,0.28223,0.07142,0.02358,0.01514,0.01471,0.01764,0.09619,2.02677
63626385611918,0,8.960631,0.28223,0.07142,0.02358,0.01514,0.01471,0.01764,0.09619,2.02677
63626385611951,0,8.960631,0.28223,0.07142,0.02358,0.01514,0.01471,0.01764,0.09619,2.02677
63626385611984,0,8.960631,0.28223,0.07142,0.02358,0.01514,0.01471,0.01764,0.09619,2.02677
63626385612000,0,8.960631,0.28121,0.06137,0.02264,0.01420,0.01540,0.01751,0.09789,2.06860
63626385612033,0,8.960631,0.28121,0.06137,0.02264,0.01420,0.01540,0.01751,0.09789,2.06860
63626385612050,0,8.960631,0.28121,0.06137,0.02264,0.01420,0.01540,0.01751,0.09789,2.06860
63626385612083,0,8.960631,0.29606,0.06192,0.02256,0.01378,0.01597,0.01649,0.09371,2.07816
63626385612398,0,8.960631,0.29085,0.06483,0.02440,0.01421,0.01580,0.01614,0.09150,2.04746
63626385612415,0,8.960631,0.29085,0.06483,0.02440,0.01421,0.01580,0.01614,0.09150,2.04746
63626385612431,0,8.960631,0.30349,0.07384,0.02407,0.01523,0.01638,0.01795,0.09092,2.02337
63626385612448,0,8.960631,0.32525,0.08831,0.02475,0.01613,0.01631,0.01893,0.09300,1.99143
63626385612464,0,8.960631,0.32525,0.08831,0.02475,0.01613,0.01631,0.01893,0.09300,1.99143
63626385612497,0,8.960631,0.26713,0.09027,0.02550,0.01584,0.01537,0.01610,0.09253,1.93982
63626385612530,0,8.960631,0.26713,0.09027,0.02550,0.01584,0.01537,0.01610,0.09253,1.93982
63626385612547,0,8.960631,0.26713,0.09027,0.02550,0.01584,0.01537,0.01610,0.09253,1.93982
63626385612580,0,8.960631,0.26713,0.09027,0.02550,0.01584,0.01537,0.01610,0.09253,1.93982
63626385612597,0,8.960631,0.23047,0.06272,0.02311,0.01453,0.01542,0.01523,0.09139,1.92444
63626385612630,0,8.960631,0.23047,0.06272,0.02311,0.01453,0.01542,0.01523,0.09139,1.92444
63626385612647,0,8.960631,0.23047,0.06272,0.02311,0.01453,0.01542,0.01523,0.09139,1.92444
63626385612680,0,8.960631,0.23047,0.06272,0.02311,0.01453,0.01542,0.01523,0.09139,1.92444
63626385612713,0,8.960631,0.27881,0.07317,0.02512,0.01621,0.01739,0.01584,0.09064,1.95301
63626385612729,0,8.960631,0.27881,0.07317,0.02512,0.01621,0.01739,0.01584,0.09064,1.95301
63626385612763,0,8.960631,0.27881,0.07317,0.02512,0.01621,0.01739,0.01584,0.09064,1.95301
63626385612779,0,8.960631,0.27881,0.07317,0.02512,0.01621,0.01739,0.01584,0.09064,1.95301
63626385612812,0,8.960631,0.28931,0.09113,0.02402,0.01702,0.01643,0.01512,0.09248,1.97833
63626385612845,0,8.960631,0.28931,0.09113,0.02402,0.01702,0.01643,0.01512,0.09248,1.97833
63626385612862,0,8.960631,0.28931,0.09113,0.02402,0.01702,0.01643,0.01512,0.09248,1.97833
63626385612895,0,8.960631,0.25344,0.08692,0.02367,0.01442,0.01442,0.01691,0.09547,1.96667
63626385612911,0,8.960631,0.25344,0.08692,0.02367,0.01442,0.01442,0.01691,0.09547,1.96667
63626385612944,0,8.960631,0.25344,0.08692,0.02367,0.01442,0.01442,0.01691,0.09547,1.96667
63626385612977,0,8.960631,0.25344,0.08692,0.02367,0.01442,0.01442,0.01691,0.09547,1.96667
63626385612995,0,8.960631,0.27659,0.08630,0.02491,0.01453,0.01480,0.01747,0.09635,1.94762
63626385613028,0,8.960631,0.27659,0.08630,0.02491,0.01453,0.01480,0.01747,0.09635,1.94762
63626385613044,0,8.960631,0.27659,0.08630,0.02491,0.01453,0.01480,0.01747,0.09635,1.94762
63626385613077,0,8.960631,0.27659,0.08630,0.02491,0.01453,0.01480,0.01747,0.09635,1.94762
63626385613094,0,8.960631,0.31196,0.08858,0.02229,0.01556,0.01457,0.01727,0.09418,1.93725
63626385613127,0,8.960631,0.31196,0.08858,0.02229,0.01556,0.01457,0.01727,0.09418,1.93725
63626385613143,0,8.960631,0.31196,0.08858,0.02229,0.01556,0.01457,0.01727,0.09418,1.93725
63626385613177,0,8.960631,0.31196,0.08858,0.02229,0.01556,0.01457,0.01727,0.09418,1.93725
63626385613210,0,8.960631,0.26138,0.09603,0.02488,0.01662,0.01476,0.01824,0.08972,1.91979
63626385613226,0,8.960631,0.26138,0.09603,0.02488,0.01662,0.01476,0.01824,0.08972,1.91979
63626385613259,0,8.960631,0.26138,0.09603,0.02488,0.01662,0.01476,0.01824,0.08972,1.91979
63626385613276,0,8.960631,0.26138,0.09603,0.02488,0.01662,0.01476,0.01824,0.08972,1.91979
63626385613309,0,8.960631,0.24024,0.07881,0.02568,0.01541,0.01528,0.01738,0.09336,1.84948
63626385613343,0,8.960631,0.24024,0.07881,0.02568,0.01541,0.01528,0.01738,0.09336,1.84948
63626385613359,0,8.960631,0.24024,0.07881,0.02568,0.01541,0.01528,0.01738,0.09336,1.84948
63626385613392,0,8.960631,0.28198,0.07329,0.02411,0.01465,0.01563,0.01798,0.09294,1.80734
63626385613409,0,8.960631,0.28198,0.07329,0.02411,0.01465,0.01563,0.01798,0.09294,1.80734
63626385613442,0,8.960631,0.28198,0.07329,0.02411,0.01465,0.01563,0.01798,0.09294,1.80734
63626385613458,0,8.960631,0.28198,0.07329,0.02411,0.01465,0.01563,0.01798,0.09294,1.80734
63626385613491,0,8.960631,0.29543,0.08184,0.02446,0.01592,0.01507,0.01705,0.08828,1.84888
63626385613524,0,8.960631,0.29543,0.08184,0.02446,0.01592,0.01507,0.01705,0.08828,1.84888
63626385613541,0,8.960631,0.29543,0.08184,0.02446,0.01592,0.01507,0.01705,0.08828,1.84888
63626385613574,0,8.960631,0.29543,0.08184,0.02446,0.01592,0.01507,0.01705,0.08828,1.84888
63626385613607,0,8.960631,0.26075,0.07719,0.02540,0.01642,0.01562,0.01706,0.09200,1.87524
63626385613623,0,8.960631,0.26075,0.07719,0.02540,0.01642,0.01562,0.01706,0.09200,1.87524
63626385613657,0,8.960631,0.26075,0.07719,0.02540,0.01642,0.01562,0.01706,0.09200,1.87524
63626385613674,0,8.960631,0.26075,0.07719,0.02540,0.01642,0.01562,0.01706,0.09200,1.87524
63626385613708,0,8.960631,0.25905,0.06743,0.02551,0.01576,0.01594,0.01863,0.09368,1.87227
63626385613740,0,8.960631,0.25905,0.06743,0.02551,0.01576,0.01594,0.01863,0.09368,1.87227
63626385613757,0,8.960631,0.25905,0.06743,0.02551,0.01576,0.01594,0.01863,0.09368,1.87227
63626385613790,0,8.960631,0.30671,0.06430,0.02479,0.01459,0.01434,0.01677,0.09418,1.84392
63626385613806,0,8.960631,0.30671,0.06430,0.02479,0.01459,0.01434,0.01677,0.09418,1.84392
63626385613840,0,8.960631,0.30671,0.06430,0.02479,0.01459,0.01434,0.01677,0.09418,1.84392
63626385613856,0,8.960631,0.30671,0.06430,0.02479,0.01459,0.01434,0.01677,0.09418,1.84392
63626385613889,0,8.960631,0.29742,0.07116,0.02278,0.01477,0.01343,0.01562,0.09447,1.81464
63626385613922,0,8.960631,0.29742,0.07116,0.02278,0.01477,0.01343,0.01562,0.09447,1.81464
63626385613938,0,8.960631,0.29742,0.07116,0.02278,0.01477,0.01343,0.01562,0.09447,1.81464
63626385613972,0,8.960631,0.29742,0.07116,0.02278,0.01477,0.01343,0.01562,0.09447,1.81464
63626385613988,0,8.960631,0.28441,0.07563,0.02123,0.01543,0.01468,0.01619,0.09115,1.79658
63626385614021,0,8.960631,0.28441,0.07563,0.02123,0.01543,0.01468,0.01619,0.09115,1.79658
63626385614055,0,8.960631,0.28441,0.07563,0.02123,0.01543,0.01468,0.01619,0.09115,1.79658
63626385614071,0,8.960631,0.28441,0.07563,0.02123,0.01543,0.01468,0.01619,0.09115,1.79658
63626385614105,0,8.960631,0.31489,0.07026,0.02166,0.01558,0.01463,0.01607,0.08900,1.77143
63626385614121,0,8.960631,0.31489,0.07026,0.02166,0.01558,0.01463,0.01607,0.08900,1.77143
63626385614154,0,8.960631,0.31489,0.07026,0.02166,0.01558,0.01463,0.01607,0.08900,1.77143
63626385614187,0,8.960631,0.31489,0.07026,0.02166,0.01558,0.01463,0.01607,0.08900,1.77143
63626385614204,0,8.960631,0.31282,0.06276,0.02189,0.01531,0.01410,0.01604,0.08874,1.72404
63626385614237,0,8.960631,0.31282,0.06276,0.02189,0.01531,0.01410,0.01604,0.08874,1.72404
63626385614254,0,8.960631,0.31282,0.06276,0.02189,0.01531,0.01410,0.01604,0.08874,1.72404
63626385614286,0,8.960631,0.28574,0.06179,0.02125,0.01571,0.01515,0.01580,0.09160,1.69458
63626385614320,0,8.960631,0.28574,0.06179,0.02125,0.01571,0.01515,0.01580,0.09160,1.69458
63626385614336,0,8.960631,0.28574,0.06179,0.02125,0.01571,0.01515,0.01580,0.09160,1.69458
63626385614370,0,8.960631,0.28574,0.06179,0.02125,0.01571,0.01515,0.01580,0.09160,1.69458
63626385614386,0,8.960631,0.23865,0.06907,0.02222,0.01544,0.01606,0.01594,0.09058,1.71565
63626385614418,0,8.960631,0.23865,0.06907,0.02222,0.01544,0.01606,0.01594,0.09058,1.71565
63626385614452,0,8.960631,0.23865,0.06907,0.02222,0.01544,0.01606,0.01594,0.09058,1.71565
63626385614469,0,8.960631,0.23865,0.06907,0.02222,0.01544,0.01606,0.01594,0.09058,1.71565
63626385614502,0,8.960631,0.24310,0.07663,0.02590,0.01546,0.01575,0.01575,0.08911,1.74710
63626385614519,0,8.960631,0.24310,0.07663,0.02590,0.01546,0.01575,0.01575,0.08911,1.74710
63626385614552,0,8.960631,0.24310,0.07663,0.02590,0.01546,0.01575,0.01575,0.08911,1.74710
63626385614585,0,8.960631,0.24310,0.07663,0.02590,0.01546,0.01575,0.01575,0.08911,1.74710
63626385614601,0,8.960631,0.26295,0.07759,0.02751,0.01672,0.01613,0.01703,0.08901,1.76248
63626385614634,0,8.960631,0.26295,0.07759,0.02751,0.01672,0.01613,0.01703,0.08901,1.76248
63626385614651,0,8.960631,0.26295,0.07759,0.02751,0.01672,0.01613,0.01703,0.08901,1.76248
63626385614684,0,8.960631,0.26295,0.07759,0.02751,0.01672,0.01613,0.01703,0.08901,1.76248
63626385614701,0,8.960631,0.25951,0.07126,0.02439,0.01618,0.01756,0.01844,0.08662,1.74518
63626385614734,0,8.960631,0.25951,0.07126,0.02439,0.01618,0.01756,0.01844,0.08662,1.74518
63626385614767,0,8.960631,0.25951,0.07126,0.02439,0.01618,0.01756,0.01844,0.08662,1.74518
63626385614783,0,8.960631,0.28562,0.06724,0.02092,0.01369,0.01495,0.01827,0.09181,1.71869
63626385614817,0,8.960631,0.28562,0.06724,0.02092,0.01369,0.01495,0.01827,0.09181,1.71869
63626385614834,0,8.960631,0.28562,0.06724,0.02092,0.01369,0.01495,0.01827,0.09181,1.71869
63626385614867,0,8.960631,0.28562,0.06724,0.02092,0.01369,0.01495,0.01827,0.09181,1.71869
63626385614883,0,8.960631,0.29296,0.07475,0.02247,0.01476,0.01379,0.01776,0.09244,1.69749
63626385614916,0,8.960631,0.29296,0.07475,0.02247,0.01476,0.01379,0.01776,0.09244,1.69749
63626385614950,0,8.960631,0.29296,0.07475,0.02247,0.01476,0.01379,0.01776,0.09244,1.69749
63626385614966,0,8.960631,0.29296,0.07475,0.02247,0.01476,0.01379,0.01776,0.09244,1.69749
63626385614999,0,8.960631,0.28055,0.07237,0.02390,0.01644,0.01537,0.01691,0.08974,1.65052
63626385615016,0,8.960631,0.28055,0.07237,0.02390,0.01644,0.01537,0.01691,0.08974,1.65052
63626385615048,0,8.960631,0.28055,0.07237,0.02390,0.01644,0.01537,0.01691,0.08974,1.65052
63626385615065,0,8.960631,0.28055,0.07237,0.02390,0.01644,0.01537,0.01691,0.08974,1.65052
63626385615098,0,8.960631,0.25236,0.06070,0.02384,0.01617,0.01535,0.01792,0.09085,1.58525
63626385615131,0,8.960631,0.25236,0.06070,0.02384,0.01617,0.01535,0.01792,0.09085,1.58525
63626385615148,0,8.960631,0.25236,0.06070,0.02384,0.01617,0.01535,0.01792,0.09085,1.58525
63626385615181,0,8.960631,0.25236,0.06070,0.02384,0.01617,0.01535,0.01792,0.09085,1.58525
63626385615197,0,8.960631,0.26505,0.06430,0.02519,0.01676,0.01647,0.01887,0.09226,1.53352
63626385615231,0,8.960631,0.26505,0.06430,0.02519,0.01676,0.01647,0.01887,0.09226,1.53352
63626385615248,0,8.960631,0.26505,0.06430,0.02519,0.01676,0.01647,0.01887,0.09226,1.53352
63626385615281,0,8.960631,0.26505,0.06430,0.02519,0.01676,0.01647,0.01887,0.09226,1.53352
63626385615314,0,8.960631,0.29096,0.06947,0.02290,0.01508,0.01575,0.01880,0.09211,1.53498
63626385615347,0,8.960631,0.29096,0.06947,0.02290,0.01508,0.01575,0.01880,0.09211,1.53498
63626385615364,0,8.960631,0.29096,0.06947,0.02290,0.01508,0.01575,0.01880,0.09211,1.53498
63626385615397,0,8.960631,0.29428,0.06406,0.02168,0.01394,0.01533,0.01748,0.09118,1.56372
63626385615413,0,8.960631,0.29428,0.06406,0.02168,0.01394,0.01533,0.01748,0.09118,1.56372
63626385615446,0,8.960631,0.29428,0.06406,0.02168,0.01394,0.01533,0.01748,0.09118,1.56372
63626385615462,0,8.960631,0.29428,0.06406,0.02168,0.01394,0.01533,0.01748,0.09118,1.56372
63626385615496,0,8.960631,0.29698,0.06537,0.02516,0.01431,0.01723,0.01786,0.09281,1.57490
63626385615512,0,8.960631,0.29698,0.06537,0.02516,0.01431,0.01723,0.01786,0.09281,1.57490
63626385615545,0,8.960631,0.29698,0.06537,0.02516,0.01431,0.01723,0.01786,0.09281,1.57490
63626385615578,0,8.960631,0.29698,0.06537,0.02516,0.01431,0.01723,0.01786,0.09281,1.57490
63626385615595,0,8.960631,0.28020,0.06528,0.02336,0.01420,0.01606,0.01916,0.08997,1.55700
63626385615629,0,8.960631,0.28020,0.06528,0.02336,0.01420,0.01606,0.01916,0.08997,1.55700
63626385615645,0,8.960631,0.28020,0.06528,0.02336,0.01420,0.01606,0.01916,0.08997,1.55700
63626385615678,0,8.960631,0.28020,0.06528,0.02336,0.01420,0.01606,0.01916,0.08997,1.55700
63626385615695,0,8.960631,0.27878,0.06492,0.02173,0.01536,0.01609,0.01747,0.08877,1.50715
63626385615728,0,8.960631,0.27878,0.06492,0.02173,0.01536,0.01609,0.01747,0.08877,1.50715
63626385615761,0,8.960631,0.27878,0.06492,0.02173,0.01536,0.01609,0.01747,0.08877,1.50715
63626385615777,0,8.960631,0.26166,0.07086,0.02220,0.01528,0.01685,0.01548,0.08940,1.44476
63626385615811,0,8.960631,0.26166,0.07086,0.02220,0.01528,0.01685,0.01548,0.08940,1.44476
63626385615828,0,8.960631,0.26166,0.07086,0.02220,0.01528,0.01685,0.01548,0.08940,1.44476
63626385615860,0,8.960631,0.26166,0.07086,0.02220,0.01528,0.01685,0.01548,0.08940,1.44476
63626385615893,0,8.960631,0.26908,0.09064,0.02247,0.01497,0.01581,0.01538,0.08907,1.24874
63626385615909,0,8.960631,0.26908,0.09064,0.02247,0.01497,0.01581,0.01538,0.08907,1.24874
63626385615944,0,8.960631,0.26908,0.09064,0.02247,0.01497,0.01581,0.01538,0.08907,1.24874
63626385615960,0,8.960631,0.26908,0.09064,0.02247,0.01497,0.01581,0.01538,0.08907,1.24874
63626385615993,0,8.960631,0.28418,0.09850,0.02412,0.01560,0.01488,0.01639,0.08840,0.85897
63626385616026,0,8.960631,0.28418,0.09850,0.02412,0.01560,0.01488,0.01639,0.08840,0.85897
63626385616043,0,8.960631,0.28418,0.09850,0.02412,0.01560,0.01488,0.01639,0.08840,0.85897
63626385616076,0,8.960631,0.28418,0.09850,0.02412,0.01560,0.01488,0.01639,0.08840,0.85897
63626385616093,0,8.960631,0.26087,0.07932,0.02208,0.01596,0.01424,0.01818,0.09064,0.64230
63626385616125,0,8.960631,0.26087,0.07932,0.02208,0.01596,0.01424,0.01818,0.09064,0.64230
63626385616142,0,8.960631,0.26087,0.07932,0.02208,0.01596,0.01424,0.01818,0.09064,0.64230
63626385616175,0,8.960631,0.26087,0.07932,0.02208,0.01596,0.01424,0.01818,0.09064,0.64230
63626385616208,0,8.960631,0.23932,0.07021,0.02144,0.01632,0.01387,0.01736,0.09158,0.66446
63626385616224,0,8.960631,0.23932,0.07021,0.02144,0.01632,0.01387,0.01736,0.09158,0.66446
63626385616257,0,8.960631,0.23932,0.07021,0.02144,0.01632,0.01387,0.01736,0.09158,0.66446
63626385616274,0,8.960631,0.23932,0.07021,0.02144,0.01632,0.01387,0.01736,0.09158,0.66446
63626385616308,0,8.960631,0.23642,0.07514,0.02332,0.01549,0.01410,0.01641,0.09048,0.68674
63626385616341,0,8.960631,0.23642,0.07514,0.02332,0.01549,0.01410,0.01641,0.09048,0.68674
63626385616357,0,8.960631,0.23642,0.07514,0.02332,0.01549,0.01410,0.01641,0.09048,0.68674
63626385616391,0,8.960631,0.25759,0.07860,0.02363,0.01554,0.01459,0.01828,0.09025,0.69732
63626385616407,0,8.960631,0.25759,0.07860,0.02363,0.01554,0.01459,0.01828,0.09025,0.69732
63626385616440,0,8.960631,0.25759,0.07860,0.02363,0.01554,0.01459,0.01828,0.09025,0.69732
63626385616473,0,8.960631,0.25759,0.07860,0.02363,0.01554,0.01459,0.01828,0.09025,0.69732
63626385616490,0,8.960631,0.24454,0.07192,0.02152,0.01626,0.01456,0.01710,0.08831,0.68474
63626385616523,0,8.960631,0.24454,0.07192,0.02152,0.01626,0.01456,0.01710,0.08831,0.68474
63626385616540,0,8.960631,0.24454,0.07192,0.02152,0.01626,0.01456,0.01710,0.08831,0.68474
63626385616572,0,8.960631,0.24454,0.07192,0.02152,0.01626,0.01456,0.01710,0.08831,0.68474
63626385616605,0,8.960631,0.24511,0.06974,0.02109,0.01608,0.01538,0.01504,0.08936,0.67670
63626385616622,0,8.960631,0.24511,0.06974,0.02109,0.01608,0.01538,0.01504,0.08936,0.67670
63626385616655,0,8.960631,0.24511,0.06974,0.02109,0.01608,0.01538,0.01504,0.08936,0.67670
63626385616672,0,8.960631,0.24511,0.06974,0.02109,0.01608,0.01538,0.01504,0.08936,0.67670
63626385616705,0,8.960631,0.25736,0.07312,0.02467,0.01658,0.01732,0.01675,0.08992,0.67449
63626385616739,0,8.960631,0.25736,0.07312,0.02467,0.01658,0.01732,0.01675,0.08992,0.67449
63626385616755,0,8.960631,0.25736,0.07312,0.02467,0.01658,0.01732,0.01675,0.08992,0.67449
63626385616788,0,8.960631,0.25736,0.07312,0.02467,0.01658,0.01732,0.01675,0.08992,0.67449
63626385616805,0,8.960631,0.27089,0.06881,0.02186,0.01588,0.01655,0.01693,0.08667,0.66000
63626385616838,0,8.960631,0.27089,0.06881,0.02186,0.01588,0.01655,0.01693,0.08667,0.66000
63626385616871,0,8.960631,0.27089,0.06881,0.02186,0.01588,0.01655,0.01693,0.08667,0.66000
63626385616887,0,8.960631,0.27115,0.06457,0.02099,0.01644,0.01645,0.01738,0.08794,0.63773
63626385616921,0,8.960631,0.27115,0.06457,0.02099,0.01644,0.01645,0.01738,0.08794,0.63773
63626385616937,0,8.960631,0.27115,0.06457,0.02099,0.01644,0.01645,0.01738,0.08794,0.63773
63626385616970,0,8.960631,0.27115,0.06457,0.02099,0.01644,0.01645,0.01738,0.08794,0.63773
63626385617004,0,8.960631,0.27348,0.06968,0.02265,0.01557,0.01600,0.01793,0.09163,0.64093
63626385617020,0,8.960631,0.27348,0.06968,0.02265,0.01557,0.01600,0.01793,0.09163,0.64093
63626385617053,0,8.960631,0.27348,0.06968,0.02265,0.01557,0.01600,0.01793,0.09163,0.64093
63626385617086,0,8.960631,0.27348,0.06968,0.02265,0.01557,0.01600,0.01793,0.09163,0.64093
63626385617102,0,8.960631,0.27859,0.07102,0.02108,0.01426,0.01515,0.01766,0.08751,0.65851
63626385617120,0,8.960631,0.27859,0.07102,0.02108,0.01426,0.01515,0.01766,0.08751,0.65851
63626385617153,0,8.960631,0.27859,0.07102,0.02108,0.01426,0.01515,0.01766,0.08751,0.65851
63626385617186,0,8.960631,0.19871,0.06550,0.02087,0.01735,0.03053,0.03355,0.10694,0.94856
63626385617202,0,8.960631,0.19871,0.06550,0.02087,0.01735,0.03053,0.03355,0.10694,0.94856
63626385617236,0,8.960631,0.19871,0.06550,0.02087,0.01735,0.03053,0.03355,0.10694,0.94856
63626385617252,0,8.960631,0.19871,0.06550,0.02087,0.01735,0.03053,0.03355,0.10694,0.94856
63626385617285,0,8.960631,0.16077,0.09228,0.02470,0.02347,0.05253,0.06000,0.12685,2.33948
63626385617318,0,8.960631,0.16077,0.09228,0.02470,0.02347,0.05253,0.06000,0.12685,2.33948
63626385617335,0,8.960631,0.16077,0.09228,0.02470,0.02347,0.05253,0.06000,0.12685,2.33948
63626385617368,0,8.960631,0.16077,0.09228,0.02470,0.02347,0.05253,0.06000,0.12685,2.33948
63626385617385,0,8.960631,0.25144,0.31081,0.04341,0.03561,0.10166,0.13232,0.22819,3.58936
63626385617417,0,8.960631,0.25144,0.31081,0.04341,0.03561,0.10166,0.13232,0.22819,3.58936
63626385617434,0,8.960631,0.25144,0.31081,0.04341,0.03561,0.10166,0.13232,0.22819,3.58936
63626385617467,0,8.960631,0.25144,0.31081,0.04341,0.03561,0.10166,0.13232,0.22819,3.58936
63626385617501,0,8.960631,0.31541,0.48807,0.06900,0.05320,0.12914,0.19230,0.30825,3.56945
63626385617518,0,8.960631,0.31541,0.48807,0.06900,0.05320,0.12914,0.19230,0.30825,3.56945
63626385617551,0,8.960631,0.31541,0.48807,0.06900,0.05320,0.12914,0.19230,0.30825,3.56945
63626385617584,0,8.960631,0.31541,0.48807,0.06900,0.05320,0.12914,0.19230,0.30825,3.56945
63626385617600,0,8.960631,0.39202,0.36459,0.08675,0.07280,0.09137,0.14552,0.23461,3.33300
63626385617633,0,8.960631,0.39202,0.36459,0.08675,0.07280,0.09137,0.14552,0.23461,3.33300
63626385617650,0,8.960631,0.39202,0.36459,0.08675,0.07280,0.09137,0.14552,0.23461,3.33300
63626385617683,0,8.960631,0.39202,0.36459,0.08675,0.07280,0.09137,0.14552,0.23461,3.33300
63626385617699,0,8.960631,0.53030,0.33299,0.11022,0.06995,0.08726,0.12341,0.29766,3.12015
63626385617732,0,8.960631,0.53030,0.33299,0.11022,0.06995,0.08726,0.12341,0.29766,3.12015
63626385617749,0,8.960631,0.53030,0.33299,0.11022,0.06995,0.08726,0.12341,0.29766,3.12015
63626385617782,0,8.960631,0.61022,0.41299,0.11584,0.07848,0.09327,0.14096,0.31197,3.07386
63626385617815,0,8.960631,0.61022,0.41299,0.11584,0.07848,0.09327,0.14096,0.31197,3.07386
63626385617832,0,8.960631,0.61022,0.41299,0.11584,0.07848,0.09327,0.14096,0.31197,3.07386
63626385617866,0,8.960631,0.61022,0.41299,0.11584,0.07848,0.09327,0.14096,0.31197,3.07386
63626385617882,0,8.960631,0.67425,0.42879,0.10282,0.07990,0.07299,0.12408,0.24707,2.91889
63626385617915,0,8.960631,0.67425,0.42879,0.10282,0.07990,0.07299,0.12408,0.24707,2.91889
63626385617932,0,8.960631,0.67425,0.42879,0.10282,0.07990,0.07299,0.12408,0.24707,2.91889
63626385617965,0,8.960631,0.67425,0.42879,0.10282,0.07990,0.07299,0.12408,0.24707,2.91889
63626385617998,0,8.960631,0.52336,0.37171,0.08151,0.07702,0.06802,0.10061,0.19603,2.22950
63626385618014,0,8.960631,0.52336,0.37171,0.08151,0.07702,0.06802,0.10061,0.19603,2.22950
63626385618047,0,8.960631,0.52336,0.37171,0.08151,0.07702,0.06802,0.10061,0.19603,2.22950
63626385618064,0,8.960631,0.52336,0.37171,0.08151,0.07702,0.06802,0.10061,0.19603,2.22950
63626385618097,0,8.960631,0.40867,0.24228,0.05899,0.08407,0.05962,0.07705,0.09681,1.28614
63626385618130,0,8.960631,0.40867,0.24228,0.05899,0.08407,0.05962,0.07705,0.09681,1.28614
63626385618146,0,8.960631,0.40867,0.24228,0.05899,0.08407,0.05962,0.07705,0.09681,1.28614
63626385618179,0,8.960631,0.40867,0.24228,0.05899,0.08407,0.05962,0.07705,0.09681,1.28614
63626385618195,0,8.960631,0.43624,0.21617,0.05936,0.08678,0.04631,0.06237,0.07017,0.86203
63626385618230,0,8.960631,0.43624,0.21617,0.05936,0.08678,0.04631,0.06237,0.07017,0.86203
63626385618263,0,8.960631,0.43624,0.21617,0.05936,0.08678,0.04631,0.06237,0.07017,0.86203
63626385618279,0,8.960631,0.45078,0.26267,0.24239,0.13656,0.09189,0.07603,0.06282,0.99484
63626385618312,0,8.960631,0.45078,0.26267,0.24239,0.13656,0.09189,0.07603,0.06282,0.99484
63626385618329,0,8.960631,0.45078,0.26267,0.24239,0.13656,0.09189,0.07603,0.06282,0.99484
63626385618362,0,8.960631,0.45078,0.26267,0.24239,0.13656,0.09189,0.07603,0.06282,0.99484
63626385618379,0,8.960631,0.43715,0.27058,0.25049,0.13755,0.10645,0.08069,0.07077,0.99172
